0 
1 551
0 
2 1646 2298
0 
1 867
0 
0 
0 
1 382
1 4028
2 1976 4836
0 
0 
3 44 681 1120
4 2072 3002 3134 3736
2 1771 5446
4 2194 3975 4423 4755
0 
0 
1 4410
1 590
3 1425 1769 4287
2 3016 4438
0 
0 
0 
5 218 1577 2172 3270 4911
4 276 562 959 2500
1 4012
1 4734
1 290
0 
0 
0 
0 
0 
0 
0 
1 2336
0 
0 
2 1791 1826
3 3447 3581 4889
2 3402 5218
0 
1 2234
0 
0 
0 
2 1530 4358
0 
2 3191 4929
0 
1 4316
0 
0 
0 
1 1180
0 
1 2809
0 
2 783 3603
0 
0 
0 
1 1869
0 
0 
0 
0 
0 
0 
0 
0 
0 
0 
1 865
0 
0 
0 
0 
0 
0 
1 3948
0 
0 
0 
1 3644
1 5419
0 
0 
0 
0 
0 
0 
1 2108
2 3743 5400
0 
1 89
0 
0 
0 
1 5509
0 
1 1470
1 901
1 1243
1 1950
2 4624 5133
0 
0 
0 
1 3877
0 
0 
0 
0 
0 
0 
2 1533 3869
1 1163
0 
1 194
0 
2 1006 1393
0 
0 
1 348
0 
0 
0 
1 5546
1 144
1 91
3 1471 3256 3432
1 1081
1 3082
0 
1 719
0 
0 
0 
0 
1 5066
0 
0 
0 
1 3284
1 1339
0 
0 
0 
0 
0 
1 405
0 
0 
1 3208
1 4010
0 
0 
0 
0 
0 
0 
0 
1 1563
0 
0 
0 
2 2579 3941
0 
0 
0 
0 
2 269 2660
1 2322
0 
1 4099
2 850 1072
0 
1 3708
0 
0 
0 
0 
0 
0 
1 3496
0 
0 
0 
0 
0 
0 
1 2006
0 
0 
0 
0 
1 5105
0 
0 
0 
0 
0 
0 
1 577
0 
0 
0 
0 
0 
1 4984
0 
0 
1 5350
0 
0 
0 
3 1911 3452 3797
0 
0 
0 
0 
7 28 52 1583 3046 3209 3501 4550
0 
0 
0 
1 1561
0 
0 
0 
0 
0 
0 
0 
1 1131
1 2080
1 309
0 
0 
1 616
0 
1 155
0 
5 61 1816 2292 3784 3959
1 4724
1 3913
0 
0 
1 4209
1 2691
0 
0 
0 
1 3360
1 5420
1 3155
0 
0 
1 863
0 
0 
0 
0 
5 1405 1544 4471 4497 4852
1 1929
0 
0 
1 3485
0 
0 
1 2195
0 
0 
1 3029
1 4604
1 2096
1 2190
3 430 3124 4612
0 
3 2056 2106 4515
2 520 767
0 
2 4052 4532
1 5058
0 
1 2960
0 
0 
0 
2 3965 4079
2 526 3979
0 
1 3802
0 
0 
0 
0 
1 5140
0 
0 
0 
0 
0 
3 587 1303 4997
1 2267
1 4756
2 1865 3368
1 5380
0 
0 
0 
1 4669
0 
0 
2 436 2114
0 
0 
1 1153
0 
0 
0 
0 
0 
1 3663
0 
0 
0 
1 171
0 
0 
0 
1 3976
1 3794
0 
0 
0 
0 
0 
0 
0 
0 
0 
1 471
0 
1 5267
0 
3 893 1371 4538
0 
0 
0 
0 
0 
0 
0 
0 
0 
0 
0 
0 
0 
0 
0 
0 
1 2966
0 
1 1148
0 
0 
0 
1 1915
0 
1 4896
0 
0 
1 4732
0 
5 1207 2646 3043 4268 4619
0 
0 
1 2911
0 
0 
0 
0 
0 
0 
0 
0 
0 
0 
1 5483
1 1020
0 
0 
0 
0 
5 960 1114 1672 2213 4991
0 
1 2216
0 
1 3922
0 
2 4235 4613
1 4512
0 
0 
0 
0 
1 4076
0 
1 2665
1 1478
1 1370
0 
5 735 853 1202 2110 4653
0 
0 
0 
0 
0 
0 
0 
1 5414
0 
0 
0 
2 3469 4066
1 3518
0 
0 
0 
0 
0 
1 3305
0 
0 
1 2488
0 
0 
0 
3 153 4481 5038
0 
1 997
1 4680
0 
0 
2 1625 4237
1 5411
0 
5 722 741 1612 3887 4891
0 
0 
0 
0 
0 
0 
1 1043
0 
1 5005
0 
0 
0 
1 2585
0 
1 2748
0 
0 
0 
0 
0 
0 
1 2880
0 
3 1118 1874 4670
1 4213
1 2968
0 
0 
2 2475 2641
5 3183 3878 4304 5434 5438
2 2068 2567
0 
1 4854
1 5293
1 3137
1 3488
0 
0 
0 
2 1 4360
0 
0 
1 1677
0 
0 
1 393
0 
2 653 2599
0 
0 
2 624 5415
1 351
2 4605 5358
1 2546
0 
0 
0 
1 873
1 234
0 
1 5117
0 
0 
0 
0 
0 
2 299 5170
0 
0 
1 5208
0 
1 4924
1 4856
1 3821
0 
0 
1 384
1 5314
0 
0 
1 4517
0 
0 
1 3100
0 
0 
0 
1 1785
0 
0 
0 
1 3087
1 4995
0 
0 
4 3199 3234 4950 5430
1 226
0 
0 
0 
2 1417 4019
0 
0 
0 
0 
0 
0 
1 2694
0 
0 
0 
1 4986
0 
0 
0 
0 
1 5523
0 
1 2627
0 
0 
0 
1 715
0 
0 
0 
0 
0 
2 1365 2869
0 
1 1979
0 
0 
0 
0 
0 
0 
0 
0 
0 
0 
0 
0 
0 
0 
1 668
0 
0 
0 
0 
1 3229
0 
0 
0 
0 
0 
1 2040
0 
0 
1 5513
0 
3 604 2562 3295
0 
1 5518
0 
0 
1 3696
0 
1 2735
0 
0 
0 
0 
0 
4 777 937 1064 4779
1 2397
0 
1 3567
0 
0 
0 
0 
1 1318
1 86
2 4256 4351
0 
0 
0 
0 
0 
0 
3 1110 1932 5054
0 
1 365
1 1184
0 
0 
0 
0 
1 2116
0 
2 821 1527
1 798
0 
1 581
0 
0 
0 
1 3506
0 
0 
2 125 2493
5 486 495 926 1696 4377
0 
1 5251
0 
0 
1 1682
0 
0 
0 
0 
0 
1 2436
3 2773 4939 5317
0 
1 4132
1 4487
0 
0 
3 2902 2927 5104
0 
0 
2 814 2687
1 3503
0 
1 280
0 
0 
0 
0 
1 1293
1 3018
1 4766
0 
0 
0 
1 4559
1 251
1 4429
0 
0 
3 1386 4879 5112
0 
1 4221
2 655 1685
1 4843
0 
1 221
0 
0 
0 
2 799 2249
1 2872
0 
0 
0 
0 
0 
0 
0 
0 
0 
1 58
0 
0 
0 
0 
1 1978
0 
0 
0 
0 
0 
0 
0 
0 
0 
0 
1 363
1 3923
2 2772 4745
4 957 2260 2295 2663
0 
0 
0 
0 
0 
0 
1 388
1 3032
2 244 3465
0 
0 
0 
0 
0 
1 4
2 3127 3279
0 
0 
1 94
1 2339
0 
2 2612 2734
1 5273
1 1341
0 
3 2259 3335 4904
1 3306
1 3853
0 
1 2504
1 2614
0 
0 
0 
0 
0 
0 
2 3682 5468
0 
0 
0 
1 4134
0 
1 105
1 2362
0 
2 2833 3789
0 
0 
0 
0 
0 
0 
0 
0 
1 138
1 4212
0 
0 
1 585
0 
0 
2 3641 3824
0 
0 
0 
1 812
2 1415 5274
0 
0 
1 5106
1 1902
0 
1 163
0 
0 
0 
0 
0 
1 3823
0 
0 
1 3926
2 1437 3411
1 139
0 
0 
2 1246 3184
0 
0 
1 3129
1 1564
0 
0 
0 
0 
2 1372 1989
0 
3 713 2779 4486
0 
0 
0 
0 
0 
0 
0 
0 
0 
0 
0 
0 
1 4671
1 1723
0 
0 
0 
0 
0 
0 
0 
1 1354
0 
1 5076
0 
0 
0 
1 4817
0 
0 
2 1208 2366
0 
1 477
1 3448
0 
1 524
0 
1 2629
0 
2 283 2837
0 
0 
5 1223 1400 1981 2341 5056
0 
0 
2 1765 2261
0 
0 
0 
0 
0 
0 
0 
1 2071
1 3310
1 1450
1 3639
0 
0 
1 2395
1 3116
0 
0 
0 
0 
0 
0 
1 3551
1 396
0 
0 
3 63 706 4563
0 
0 
1 3218
3 672 4166 4776
0 
0 
0 
0 
3 459 1815 3190
0 
1 338
0 
0 
0 
0 
0 
0 
2 854 4407
0 
0 
0 
0 
0 
0 
0 
0 
5 961 1007 1910 2989 4805
0 
0 
0 
2 3957 4784
0 
0 
1 1333
0 
1 2712
1 523
0 
0 
0 
0 
0 
0 
0 
0 
0 
0 
0 
0 
1 4935
0 
1 1721
0 
3 824 4348 4598
1 686
0 
0 
0 
1 4339
2 2979 3678
0 
0 
0 
1 2333
1 3456
0 
0 
0 
0 
0 
2 2179 3579
1 3408
0 
1 1793
0 
1 507
0 
0 
0 
0 
0 
0 
0 
0 
0 
0 
1 3864
0 
1 2696
0 
0 
4 573 803 1831 4694
0 
0 
2 656 3260
0 
0 
0 
0 
0 
0 
0 
1 2466
1 2300
1 2462
0 
0 
0 
0 
0 
1 597
0 
1 284
0 
1 3197
0 
0 
2 1959 5055
0 
0 
2 2459 5091
1 1898
0 
1 3630
2 107 725
0 
0 
0 
0 
1 5271
2 2783 4632
1 1311
1 2647
0 
0 
1 660
0 
0 
1 2518
0 
1 4388
0 
0 
0 
0 
0 
0 
0 
0 
0 
0 
0 
0 
0 
0 
1 4688
0 
0 
0 
1 443
0 
0 
0 
0 
1 3815
0 
0 
2 2548 4650
0 
0 
0 
1 2219
3 1660 2607 4811
0 
0 
1 1750
0 
2 1924 3909
0 
0 
0 
0 
0 
1 3814
1 813
0 
1 5355
0 
1 5428
0 
0 
1 5181
1 3558
0 
1 1314
4 2972 3974 4117 4200
0 
0 
0 
1 3264
1 1571
1 3391
1 787
0 
1 4185
0 
1 2413
0 
0 
2 214 4431
0 
0 
2 36 3655
0 
0 
1 1057
2 868 3788
0 
1 4399
1 5421
1 3459
0 
0 
0 
0 
0 
0 
0 
0 
1 2758
0 
0 
0 
0 
1 973
0 
1 5404
1 4181
0 
0 
1 884
3 247 1961 2364
1 1797
0 
0 
0 
1 5396
2 2074 2545
0 
0 
0 
0 
0 
1 2825
0 
0 
0 
1 5032
0 
3 335 3091 4985
0 
2 2177 3436
2 16 2380
6 1784 2897 3519 3591 3604 3939
1 4752
0 
0 
1 1183
1 1229
1 4689
1 59
2 644 3999
0 
0 
3 1102 4084 4761
1 3842
3 1473 3139 5506
1 2309
0 
0 
0 
5 941 2702 3395 5488 5497
3 2953 3613 3925
0 
0 
4 1078 1302 2586 4103
1 456
1 1707
0 
0 
2 2581 2638
4 264 2132 2143 2596
0 
1 2455
0 
0 
0 
0 
0 
0 
0 
1 574
2 1622 4003
2 3268 4457
1 4300
1 2471
0 
0 
0 
0 
1 2686
0 
1 70
1 2985
0 
0 
1 3552
0 
0 
0 
0 
0 
2 614 1862
0 
0 
1 2829
0 
1 4454
1 3820
0 
1 5325
1 2937
0 
0 
0 
2 162 5329
0 
0 
1 595
0 
1 5465
1 3640
0 
1 4972
0 
0 
3 780 3669 4373
0 
2 4222 4709
0 
0 
0 
0 
0 
2 804 1690
0 
0 
1 458
0 
2 1738 5255
0 
0 
1 4379
0 
0 
0 
0 
0 
0 
1 1605
0 
0 
1 326
0 
0 
2 3773 3937
1 3231
0 
0 
0 
1 1726
1 4666
0 
0 
0 
0 
0 
1 491
0 
0 
0 
1 4636
0 
0 
0 
1 4804
0 
0 
0 
0 
0 
0 
0 
0 
1 3672
0 
2 1708 2029
0 
0 
0 
0 
0 
0 
1 4543
1 102
0 
1 175
0 
0 
0 
2 2405 3689
0 
0 
1 2389
1 979
1 1839
0 
1 4560
0 
0 
0 
1 1019
3 2191 3021 4063
0 
0 
1 108
0 
0 
0 
0 
1 1251
0 
0 
1 4415
0 
0 
0 
1 1230
2 856 4833
1 3458
0 
0 
0 
1 3479
0 
0 
0 
0 
0 
0 
0 
1 4118
2 1881 3633
0 
0 
0 
0 
0 
0 
1 1463
0 
0 
1 922
0 
0 
0 
0 
4 1087 3706 4146 4570
0 
0 
1 2591
0 
3 1149 1454 4795
2 291 4312
0 
0 
0 
0 
0 
0 
0 
1 833
0 
1 2942
0 
0 
0 
0 
1 3521
0 
0 
0 
0 
0 
0 
0 
1 4126
0 
0 
1 3107
2 1284 2337
0 
1 263
0 
0 
2 2330 3340
1 1395
0 
1 1267
0 
0 
2 343 4907
0 
0 
1 1925
0 
2 938 3547
1 4293
0 
0 
0 
0 
1 1168
0 
0 
0 
3 564 1172 4074
1 2577
0 
1 2171
0 
1 414
0 
1 928
2 4691 4751
0 
0 
1 3875
1 1274
0 
0 
0 
1 1939
0 
0 
0 
0 
0 
4 4107 4541 4645 5409
1 3808
2 665 3342
1 733
0 
0 
2 519 5217
0 
1 3949
1 3857
0 
0 
0 
0 
0 
0 
0 
0 
0 
0 
0 
0 
0 
1 2482
0 
0 
1 975
2 3375 4809
2 4827 4885
0 
0 
1 2052
1 673
1 2425
0 
0 
2 1751 3396
0 
1 1555
1 3073
0 
1 2870
1 3967
0 
0 
0 
1 2262
0 
0 
0 
1 3250
0 
0 
1 1647
0 
1 3566
0 
0 
0 
0 
0 
1 441
3 839 1969 2677
1 1828
0 
0 
0 
1 3167
1 1510
0 
0 
0 
0 
0 
0 
0 
0 
0 
0 
4 759 2558 5129 5361
1 1128
1 4046
0 
0 
0 
0 
2 1724 4153
0 
0 
0 
0 
0 
0 
0 
0 
1 4039
0 
0 
0 
0 
0 
0 
0 
2 1609 2635
0 
0 
0 
0 
4 1705 5152 5193 5514
0 
0 
0 
1 288
0 
1 1505
0 
0 
0 
0 
0 
0 
0 
0 
0 
0 
0 
1 1942
0 
1 2015
0 
0 
0 
0 
0 
0 
0 
0 
1 3989
0 
0 
0 
0 
0 
1 3349
1 4652
0 
0 
0 
0 
0 
1 729
0 
0 
1 5245
1 2676
0 
0 
1 5020
1 1521
1 3217
0 
0 
0 
1 3177
1 993
0 
0 
0 
0 
0 
0 
0 
0 
0 
0 
0 
1 5159
0 
0 
0 
0 
1 515
1 1877
0 
0 
1 461
0 
0 
0 
9 20 50 855 1681 1873 2909 3543 4013 5287
0 
0 
1 438
1 4790
0 
0 
0 
6 1085 1132 1788 2062 4477 5126
0 
0 
0 
2 811 1198
1 4014
0 
0 
0 
0 
0 
0 
0 
0 
0 
0 
1 2619
2 915 2797
0 
0 
1 4017
0 
0 
0 
0 
0 
0 
2 303 3215
0 
0 
0 
0 
0 
1 5462
1 5286
1 444
0 
0 
0 
3 1009 3638 4110
1 4439
1 3767
0 
0 
0 
0 
0 
3 25 2447 3171
0 
1 1970
0 
1 329
0 
0 
1 48
2 4220 4635
0 
1 4999
1 3712
0 
0 
0 
2 167 3098
0 
2 275 4228
0 
1 3935
0 
0 
0 
1 1606
1 1756
0 
0 
2 2515 2761
0 
0 
0 
1 825
0 
0 
2 1466 5095
0 
1 1773
0 
0 
2 41 3734
0 
2 3192 4002
0 
1 3157
3 1095 1475 2018
0 
1 2840
3 271 4524 4569
0 
0 
1 400
0 
0 
0 
3 2626 3347 5234
0 
2 1219 3898
0 
1 112
0 
0 
0 
0 
0 
0 
1 3554
1 3889
0 
0 
0 
0 
1 2248
0 
2 756 2155
1 2958
0 
0 
1 5395
0 
0 
0 
1 3244
0 
1 1714
0 
1 307
0 
0 
0 
0 
2 3782 4684
0 
1 2584
1 3781
0 
0 
0 
0 
0 
1 2618
0 
0 
0 
1 5123
0 
0 
0 
0 
1 3653
0 
0 
0 
0 
0 
0 
0 
0 
1 4535
1 87
0 
0 
0 
0 
0 
0 
0 
0 
0 
0 
0 
0 
0 
0 
0 
0 
1 4810
0 
0 
0 
1 4442
1 999
2 3716 4434
0 
0 
0 
0 
0 
0 
1 5294
0 
0 
0 
0 
0 
1 465
0 
0 
0 
1 2763
0 
2 1468 4034
0 
0 
1 2898
0 
1 208
1 45
0 
0 
0 
0 
3 1351 2615 2871
0 
0 
0 
0 
0 
0 
1 1123
0 
3 3576 4850 5332
0 
1 1587
2 752 1686
0 
0 
0 
1 2987
0 
2 134 2561
1 3796
0 
1 4230
1 4773
0 
3 29 3856 4482
1 985
1 2701
2 1325 2338
1 170
0 
0 
0 
0 
0 
0 
1 718
0 
2 1423 5470
5 330 1142 3337 4123 5526
3 124 760 5435
4 1264 2276 4100 4445
0 
1 700
2 964 4031
0 
0 
6 404 419 701 1879 3060 3956
1 3302
1 1271
2 1041 2492
0 
0 
0 
1 2791
0 
0 
0 
5 3539 3688 4533 4730 4757
0 
1 1887
1 1483
0 
1 3346
0 
0 
0 
2 1903 4967
0 
0 
0 
0 
0 
1 2603
0 
1 3483
0 
1 5209
0 
0 
0 
0 
0 
0 
1 4664
0 
0 
1 1010
0 
0 
0 
0 
0 
0 
0 
0 
0 
3 2513 3544 4262
1 3622
0 
0 
0 
0 
0 
0 
1 4580
0 
1 1662
0 
1 3775
0 
0 
0 
0 
0 
0 
0 
0 
2 181 1249
0 
1 2949
0 
0 
0 
0 
0 
0 
0 
2 2272 5505
0 
1 5110
0 
0 
0 
0 
0 
0 
2 1414 1914
0 
1 2464
0 
0 
0 
0 
1 1481
0 
0 
0 
2 1884 3313
0 
2 2553 4851
0 
1 1709
0 
1 1256
0 
0 
1 2939
1 5148
0 
0 
0 
1 3885
2 2355 4402
0 
1 4980
0 
0 
0 
0 
0 
0 
0 
0 
2 1258 4382
0 
0 
0 
0 
0 
0 
0 
0 
0 
0 
0 
0 
2 1457 2812
0 
0 
1 4530
0 
0 
0 
0 
0 
0 
0 
0 
0 
1 1938
1 2174
0 
1 4957
0 
0 
1 2785
0 
0 
1 723
0 
1 5460
0 
1 3216
0 
1 4458
1 697
1 818
2 1109 1420
0 
0 
0 
0 
0 
2 4783 5372
1 5410
1 2048
0 
0 
0 
1 845
3 1167 4057 5221
0 
0 
0 
0 
3 2 96 4290
0 
0 
0 
0 
1 1747
1 3214
0 
0 
0 
2 2498 4698
1 4978
0 
0 
1 3542
0 
0 
0 
0 
0 
1 2899
1 3353
0 
0 
0 
1 2065
0 
0 
0 
0 
1 2418
1 1231
0 
0 
1 5413
1 4371
1 902
0 
3 501 711 2411
2 1730 3535
1 3586
1 1628
0 
0 
0 
0 
1 4392
0 
0 
0 
0 
0 
1 2315
2 2066 3871
0 
1 3545
0 
0 
0 
0 
0 
0 
0 
0 
0 
0 
0 
0 
0 
0 
0 
0 
0 
1 180
1 4370
1 1905
0 
0 
1 1388
1 1113
0 
0 
2 2409 4011
0 
0 
2 1948 3654
0 
0 
0 
0 
2 931 3048
0 
1 2379
1 4323
0 
4 633 1843 5186 5295
0 
0 
0 
0 
2 2678 3561
1 233
1 114
0 
1 2477
0 
0 
2 2205 3612
1 3188
2 3086 4120
1 2680
0 
1 2901
0 
4 176 199 2347 3790
1 2373
0 
3 645 3415 3426
0 
0 
0 
0 
0 
0 
0 
0 
2 1729 4491
0 
0 
0 
0 
1 732
0 
1 3241
0 
1 5007
0 
0 
1 744
0 
0 
0 
0 
0 
0 
0 
0 
0 
0 
0 
0 
1 3252
0 
1 1809
0 
0 
0 
1 3111
1 1542
0 
0 
0 
1 3876
1 2209
0 
1 3176
0 
0 
0 
1 4839
0 
0 
0 
2 1872 5077
1 2325
0 
0 
0 
0 
0 
2 1211 4513
1 2628
0 
0 
1 5475
1 232
1 3759
1 320
0 
1 1323
0 
0 
0 
0 
0 
0 
0 
1 4015
0 
1 1032
0 
1 5111
0 
0 
0 
2 838 1165
0 
0 
0 
0 
0 
0 
1 887
1 1487
1 3077
0 
0 
0 
0 
0 
2 2940 4424
2 2372 4043
0 
0 
5 1637 2412 3924 4192 4644
1 2887
0 
0 
0 
0 
1 4168
0 
2 1040 3145
0 
0 
1 4049
0 
0 
0 
1 2105
0 
0 
1 4273
0 
0 
1 4992
0 
0 
0 
0 
0 
0 
1 852
1 4786
1 4137
0 
0 
0 
0 
0 
0 
2 2595 3058
3 3980 5199 5424
1 514
1 1401
0 
2 1679 2543
0 
1 966
0 
0 
1 71
0 
0 
0 
0 
0 
0 
1 5508
1 2010
0 
1 529
0 
0 
0 
1 623
0 
0 
0 
1 376
0 
0 
1 1156
1 5427
0 
1 1860
1 958
0 
0 
0 
0 
0 
0 
0 
0 
0 
1 3707
2 1545 5467
3 1823 3805 3882
0 
0 
0 
0 
0 
1 1063
0 
0 
0 
0 
3 373 2703 4026
0 
0 
1 1074
1 5418
1 191
2 2334 3024
2 2781 4105
0 
0 
0 
0 
0 
0 
0 
0 
1 1656
1 3776
0 
2 1099 3460
1 4450
0 
1 332
0 
1 318
1 3393
0 
4 1105 2747 2816 3605
1 1832
0 
0 
0 
3 1537 4006 4172
0 
0 
2 464 3597
0 
0 
0 
0 
0 
0 
0 
0 
2 3580 4359
0 
0 
1 5471
0 
1 5062
0 
0 
0 
0 
1 1519
0 
0 
0 
0 
1 2878
1 4826
0 
0 
0 
1 4860
0 
0 
0 
0 
0 
1 4241
1 1236
0 
0 
0 
1 3308
1 875
0 
2 664 1616
0 
2 109 4931
1 3476
0 
0 
0 
1 2993
1 1045
0 
3 14 2852 3634
0 
3 164 1055 4067
0 
0 
0 
0 
0 
0 
0 
0 
2 1268 5534
1 99
2 1474 2211
0 
2 661 3156
1 2587
0 
0 
0 
2 605 4631
1 1525
0 
0 
1 2571
0 
0 
0 
0 
0 
0 
0 
0 
1 110
1 4389
1 4311
0 
0 
1 5219
0 
0 
0 
1 1225
0 
1 1317
1 2943
0 
0 
0 
0 
0 
0 
1 1852
1 4802
0 
0 
2 2005 2178
0 
1 743
0 
2 1627 2032
1 5423
0 
5 1000 2407 2465 3078 3296
0 
0 
0 
0 
0 
0 
0 
0 
0 
2 2002 2349
1 1328
0 
2 1177 3578
0 
1 754
1 892
0 
0 
0 
1 5285
1 3154
0 
0 
2 541 2085
0 
0 
0 
0 
0 
2 4004 4964
0 
0 
0 
0 
0 
0 
0 
0 
1 2929
0 
1 3631
1 894
0 
0 
0 
0 
0 
0 
0 
0 
0 
0 
0 
0 
1 1121
0 
2 40 2915
0 
0 
1 3066
4 1407 4234 4345 4494
0 
1 4787
0 
0 
0 
0 
0 
0 
0 
1 3243
0 
0 
1 3771
0 
1 866
0 
0 
0 
0 
1 1540
0 
0 
1 4720
1 3890
1 1283
0 
0 
1 4343
0 
1 2434
1 4977
0 
0 
0 
0 
0 
0 
0 
0 
0 
0 
0 
0 
1 807
1 5161
0 
0 
0 
0 
0 
1 1868
0 
4 21 3835 4702 4868
1 1222
1 2799
0 
0 
2 3819 5151
0 
0 
0 
0 
1 17
1 432
0 
0 
0 
3 1290 2964 4171
2 1725 4135
0 
0 
1 3328
0 
0 
1 1880
0 
1 4086
0 
0 
0 
0 
0 
1 1787
0 
0 
0 
2 1067 1890
0 
2 1146 3916
1 478
0 
1 3449
0 
0 
1 81
0 
0 
0 
0 
0 
0 
0 
1 939
0 
0 
0 
1 796
0 
0 
1 1053
0 
0 
0 
1 229
0 
1 5433
0 
0 
0 
0 
0 
0 
0 
0 
1 4994
1 2449
0 
1 448
0 
2 346 4331
1 3332
2 118 1438
0 
0 
0 
3 2109 2722 5230
1 364
0 
0 
1 2620
6 375 1116 3500 3845 4338 5441
0 
0 
2 1944 4979
0 
0 
0 
1 402
0 
0 
2 2017 2377
0 
0 
0 
0 
0 
1 5040
1 5299
0 
1 1653
0 
0 
0 
0 
0 
0 
1 5045
0 
0 
1 2616
1 2683
2 1694 4812
0 
0 
1 4492
0 
0 
0 
0 
0 
0 
0 
0 
0 
0 
0 
1 4174
1 1101
0 
2 3536 5347
1 2698
0 
0 
0 
1 1356
0 
0 
0 
0 
1 4335
0 
0 
1 3685
1 316
0 
0 
0 
0 
0 
0 
0 
0 
0 
0 
3 1332 2830 3228
1 3222
0 
0 
1 882
1 4250
1 427
0 
1 1472
0 
2 451 684
0 
0 
1 308
0 
1 3990
1 1720
0 
0 
1 3442
0 
1 3123
0 
0 
0 
1 2192
1 2136
1 5449
0 
2 680 4551
1 457
0 
0 
0 
0 
0 
1 857
0 
0 
0 
1 3382
0 
1 2675
0 
1 5049
0 
0 
1 1819
5 313 666 749 3062 4160
0 
0 
2 1744 2692
1 2539
1 1906
1 2916
1 762
2 3226 3350
0 
0 
0 
0 
0 
0 
0 
1 4771
0 
0 
0 
0 
0 
1 2775
0 
2 2239 3951
0 
0 
1 3027
0 
1 1357
0 
0 
0 
1 2844
0 
0 
0 
0 
0 
0 
0 
0 
0 
0 
0 
0 
0 
0 
1 808
0 
0 
1 4587
0 
0 
0 
0 
0 
1 3617
0 
4 3892 3968 4435 5406
0 
0 
0 
1 3987
1 4616
0 
1 2000
0 
1 4375
0 
1 3247
2 3 1554
0 
0 
0 
1 5337
0 
0 
2 4894 5456
0 
0 
0 
0 
1 4623
1 3703
0 
0 
0 
2 774 5315
0 
0 
0 
1 4807
1 2038
0 
0 
2 1888 3675
0 
1 5017
0 
1 2740
1 4147
0 
0 
0 
2 1445 4418
0 
0 
0 
0 
0 
1 4094
1 643
1 2495
1 1766
0 
1 5012
0 
0 
0 
1 898
0 
0 
0 
1 4738
3 2124 3594 5451
0 
0 
0 
0 
2 2353 3345
0 
1 539
0 
0 
0 
0 
0 
1 622
0 
0 
0 
0 
1 2438
2 1244 5198
1 3960
0 
1 5507
0 
0 
1 1411
1 2145
0 
1 4444
0 
1 1539
0 
1 3903
0 
0 
0 
1 2199
2 3830 4573
0 
0 
0 
0 
0 
0 
1 925
0 
1 547
0 
1 321
0 
0 
0 
1 3947
0 
0 
2 1159 4937
0 
0 
2 886 5225
0 
1 4840
0 
0 
1 5382
0 
1 1005
0 
0 
1 5179
0 
1 4490
1 4529
0 
0 
0 
2 1764 4662
0 
0 
0 
0 
1 1164
1 3509
0 
0 
0 
2 258 4905
0 
0 
1 1342
0 
1 3851
0 
0 
0 
1 1569
0 
0 
1 776
0 
1 1673
0 
1 3748
0 
1 3008
2 483 1315
0 
2 823 2806
1 544
1 3146
0 
0 
0 
1 4818
0 
0 
2 1455 4831
0 
0 
1 2818
0 
0 
0 
2 207 950
0 
0 
0 
0 
0 
0 
0 
0 
2 788 1663
0 
0 
1 4626
0 
1 5072
0 
1 4989
0 
1 1893
0 
0 
1 4714
0 
0 
1 3499
0 
0 
0 
0 
1 2952
0 
1 3467
0 
1 1665
0 
0 
0 
0 
1 3997
0 
0 
0 
0 
1 1052
0 
0 
1 3162
0 
0 
0 
0 
0 
0 
0 
3 4788 5028 5302
1 3932
0 
0 
1 2036
0 
2 1462 5224
0 
0 
0 
0 
0 
0 
2 1626 2938
0 
1 2473
0 
1 3276
0 
0 
0 
0 
0 
1 4231
0 
0 
0 
0 
0 
0 
2 1941 4114
0 
0 
0 
1 4254
1 3870
0 
0 
1 4893
0 
0 
0 
0 
0 
1 325
0 
1 3983
0 
1 3540
0 
1 3977
1 4245
1 1150
0 
0 
0 
1 2653
0 
0 
0 
1 965
0 
0 
0 
0 
1 1295
0 
0 
0 
0 
1 1623
1 6
1 3400
2 1276 2058
0 
0 
0 
0 
0 
0 
0 
2 5312 5529
0 
0 
1 1129
1 2003
0 
0 
1 4271
2 4276 4906
2 2717 5439
0 
3 1348 1634 2328
0 
0 
0 
0 
0 
1 310
0 
0 
0 
1 3984
0 
0 
1 5466
0 
0 
0 
0 
0 
0 
0 
1 5071
3 1433 2896 5402
1 1664
0 
0 
2 1534 1746
2 710 3437
0 
0 
0 
0 
0 
0 
1 5480
0 
0 
0 
0 
0 
0 
0 
0 
0 
0 
1 3723
0 
0 
0 
0 
0 
0 
0 
0 
0 
0 
0 
0 
0 
1 2757
0 
1 835
0 
0 
0 
0 
2 1090 4060
0 
0 
0 
0 
0 
1 5520
0 
1 4264
0 
0 
0 
0 
0 
0 
0 
0 
0 
0 
0 
0 
0 
0 
0 
0 
1 4403
0 
0 
1 3104
0 
0 
2 4380 5367
1 2184
1 3113
0 
1 3648
0 
0 
1 2601
0 
1 4912
1 2689
0 
0 
1 5482
0 
0 
0 
1 4313
0 
0 
1 3466
0 
0 
0 
0 
1 4326
0 
0 
0 
0 
1 5279
0 
0 
0 
0 
0 
0 
0 
0 
0 
0 
2 1363 2406
0 
0 
0 
0 
0 
0 
0 
0 
0 
0 
0 
0 
0 
0 
0 
0 
0 
1 4357
1 2644
1 5178
0 
0 
0 
1 517
0 
0 
0 
0 
0 
0 
1 1479
0 
0 
0 
0 
0 
1 1532
0 
0 
0 
0 
0 
0 
1 918
0 
1 899
0 
0 
0 
0 
1 3015
0 
0 
0 
1 2986
1 1237
0 
1 2469
0 
0 
0 
1 4704
0 
0 
3 2944 3592 5375
0 
0 
0 
0 
1 2061
0 
1 3770
0 
0 
0 
0 
0 
0 
0 
0 
0 
0 
0 
0 
0 
0 
0 
0 
0 
0 
0 
2 809 3430
0 
0 
0 
1 2749
0 
0 
0 
0 
0 
0 
0 
0 
0 
0 
0 
0 
0 
3 1711 2157 3019
0 
0 
1 3982
0 
0 
0 
0 
2 10 2508
0 
1 4459
0 
2 424 989
1 1983
0 
0 
0 
0 
0 
0 
1 3490
2 826 4157
1 1946
2 445 3115
1 3988
0 
0 
0 
1 885
1 4214
2 1382 3899
0 
1 431
0 
1 1974
0 
1 4789
2 3697 5493
1 3772
0 
1 1988
0 
0 
0 
1 2819
0 
1 4249
0 
0 
1 3044
0 
0 
0 
1 4055
1 764
0 
1 2230
0 
0 
0 
0 
1 4862
0 
0 
0 
1 4366
1 417
0 
0 
1 2600
1 4900
0 
0 
1 3656
0 
1 4218
0 
0 
1 4275
0 
0 
0 
0 
0 
0 
0 
2 703 4998
0 
0 
0 
0 
1 2808
0 
1 900
0 
0 
2 2624 4693
1 476
0 
3 970 1210 1486
0 
0 
0 
0 
1 2594
0 
0 
0 
0 
1 4916
1 1280
1 248
2 317 1378
0 
0 
2 2356 4504
3 1629 2931 4303
0 
0 
0 
1 2222
0 
1 2765
0 
1 2565
1 2935
0 
2 2461 3934
0 
1 1073
1 1715
0 
0 
0 
1 5527
0 
1 3443
0 
1 1871
0 
1 4499
0 
0 
2 4969 5059
0 
0 
1 5351
0 
0 
0 
1 2467
0 
0 
1 948
0 
2 1228 3718
1 5535
0 
0 
1 2450
3 2118 2402 4611
1 640
0 
0 
1 1957
0 
0 
0 
1 2523
0 
0 
0 
0 
1 31
1 2247
0 
0 
0 
0 
0 
0 
0 
0 
0 
1 3092
1 2861
0 
1 3286
0 
2 1638 4400
0 
1 909
1 4665
0 
0 
1 1277
0 
0 
0 
1 4139
1 736
2 3492 3859
1 1412
0 
0 
0 
2 870 1968
1 4748
1 1541
0 
0 
0 
1 1185
0 
0 
0 
0 
0 
0 
1 3130
0 
2 482 4841
1 4319
0 
0 
1 5261
1 5125
1 2168
0 
0 
0 
0 
0 
0 
0 
1 1998
0 
0 
0 
1 1104
0 
1 3074
0 
0 
1 4037
0 
1 4747
2 43 5517
0 
1 971
1 494
1 2370
0 
0 
0 
0 
1 3508
0 
0 
0 
0 
1 675
0 
0 
0 
0 
0 
0 
0 
2 2073 3758
0 
1 3205
0 
0 
0 
1 3110
0 
0 
0 
0 
1 4302
1 2610
0 
3 3172 5022 5338
0 
0 
0 
1 1892
0 
0 
0 
0 
0 
0 
0 
0 
0 
0 
0 
1 5373
0 
0 
0 
0 
0 
1 2649
1 4585
0 
0 
1 4260
0 
0 
0 
0 
0 
0 
1 3094
1 2657
0 
0 
0 
0 
1 4744
0 
1 5169
0 
0 
0 
0 
1 3883
1 4993
0 
0 
0 
0 
1 5472
0 
0 
1 147
1 5103
2 1136 3309
0 
1 738
0 
0 
1 5301
1 5088
0 
0 
0 
0 
0 
0 
1 3380
0 
0 
0 
0 
0 
0 
0 
0 
1 2664
0 
0 
0 
0 
0 
0 
1 386
0 
0 
0 
0 
0 
0 
0 
1 1848
0 
0 
0 
0 
0 
0 
0 
0 
0 
0 
0 
0 
1 1046
0 
0 
0 
1 629
0 
1 4832
0 
1 4022
0 
1 5207
0 
1 2578
0 
1 4350
1 3174
2 2215 3303
0 
0 
0 
0 
0 
0 
0 
1 225
0 
0 
0 
0 
1 3742
11 146 172 1082 1954 2344 2907 3468 3659 4590 4869 5399
1 944
0 
0 
0 
0 
0 
0 
0 
0 
0 
0 
0 
1 3514
0 
0 
1 791
0 
0 
1 3811
1 2790
1 2756
2 1990 3841
1 4193
0 
0 
1 4938
1 1937
0 
0 
0 
0 
1 2666
0 
0 
0 
0 
0 
0 
1 2917
0 
0 
0 
0 
0 
0 
0 
0 
0 
1 2242
0 
1 2210
0 
0 
0 
0 
1 2054
0 
3 2560 3325 4465
1 2908
0 
0 
0 
0 
2 2421 4340
0 
1 4223
0 
0 
1 5374
0 
0 
0 
0 
0 
0 
0 
0 
0 
1 3095
0 
1 3381
0 
0 
0 
0 
0 
0 
4 2079 4016 4321 4681
0 
0 
0 
0 
0 
0 
0 
1 2382
0 
0 
1 3453
0 
0 
0 
4 469 1130 2583 3487
0 
0 
0 
0 
1 4699
1 805
0 
0 
0 
0 
0 
0 
0 
0 
1 4823
0 
0 
0 
0 
0 
1 5073
1 2185
0 
2 1718 5478
2 220 3516
1 528
0 
2 1204 4846
0 
0 
1 4219
0 
1 3595
0 
0 
0 
0 
0 
1 1678
0 
0 
0 
0 
0 
0 
4 367 871 2867 5469
1 905
1 3538
0 
0 
1 3026
1 1098
0 
0 
1 533
0 
0 
0 
0 
0 
0 
0 
1 1253
0 
0 
0 
0 
0 
0 
1 2782
0 
1 1234
0 
0 
0 
0 
0 
0 
0 
1 923
0 
0 
1 4433
0 
0 
0 
0 
0 
0 
0 
0 
2 2102 4633
1 3943
0 
7 1035 1817 3148 4085 4951 5425 5486
0 
0 
0 
0 
0 
1 4136
0 
1 5065
0 
0 
1 4182
2 2961 4056
0 
1 324
0 
1 3481
0 
1 5346
0 
2 1671 3220
0 
1 5258
1 1755
1 3692
0 
0 
0 
0 
0 
0 
0 
0 
0 
0 
0 
0 
0 
0 
0 
1 4617
1 1513
1 2290
0 
0 
0 
0 
0 
0 
4 1021 2451 3848 4305
0 
0 
0 
0 
0 
1 186
0 
0 
0 
0 
2 227 3312
0 
0 
0 
0 
0 
0 
0 
0 
0 
0 
0 
2 42 2011
1 4648
1 4196
0 
0 
0 
0 
1 1018
0 
1 2130
2 3059 4058
0 
0 
0 
0 
1 2997
0 
0 
1 648
0 
0 
0 
0 
0 
0 
0 
0 
0 
0 
0 
0 
0 
0 
0 
3 3525 3527 5282
0 
0 
1 3729
0 
0 
1 4914
1 5378
0 
0 
0 
1 1824
0 
1 4071
2 377 1550
0 
0 
0 
1 4329
0 
0 
1 5127
2 77 4224
0 
0 
1 4696
0 
1 3472
0 
0 
0 
0 
0 
0 
1 2120
1 2695
0 
1 2104
0 
0 
0 
3 1261 1866 4419
1 3387
1 2398
2 2086 2645
1 1621
2 142 2416
1 1024
0 
0 
0 
0 
1 4625
0 
0 
0 
1 2432
0 
1 100
0 
0 
3 286 2404 3149
0 
0 
0 
1 2890
0 
0 
1 2752
0 
0 
0 
0 
2 1960 3645
0 
2 2049 2774
1 1731
1 4098
0 
0 
0 
0 
3 1986 3036 4253
0 
0 
1 3424
1 4568
0 
0 
0 
0 
0 
1 1775
0 
0 
0 
1 4422
0 
1 2401
1 3211
1 3122
0 
0 
0 
0 
0 
0 
0 
0 
0 
0 
0 
0 
0 
0 
0 
1 3769
0 
0 
0 
0 
1 1827
1 1578
0 
0 
0 
0 
0 
2 3616 4876
0 
0 
0 
1 3804
0 
0 
0 
1 3181
0 
0 
0 
0 
0 
0 
0 
0 
1 1175
0 
1 4425
0 
0 
1 1460
0 
0 
0 
0 
0 
1 4770
1 2113
0 
0 
0 
1 2516
0 
0 
0 
0 
1 3194
0 
3 4083 4953 5252
0 
0 
0 
0 
0 
1 904
2 1157 1830
0 
0 
0 
0 
1 3418
0 
0 
0 
0 
2 407 1584
0 
1 3963
1 4289
0 
0 
0 
0 
0 
1 4257
0 
0 
0 
1 3288
0 
0 
0 
0 
1 2160
1 3454
1 1805
0 
0 
1 4299
0 
0 
2 2321 3704
2 421 3930
0 
0 
0 
0 
1 2957
1 990
0 
0 
0 
1 3779
1 4933
4 3114 3246 3966 4539
0 
0 
1 1238
0 
0 
0 
2 2522 5510
0 
1 1189
0 
0 
1 2737
0 
0 
0 
0 
0 
1 2724
0 
0 
0 
0 
1 1498
1 1242
0 
0 
1 2281
0 
0 
0 
1 559
0 
1 1176
0 
0 
0 
0 
2 3774 5309
0 
0 
0 
0 
0 
1 2170
0 
0 
0 
0 
2 3410 3502
0 
0 
2 409 751
1 5223
1 2786
0 
0 
1 2202
1 2684
0 
0 
0 
1 1383
1 3011
1 4647
0 
0 
1 184
0 
0 
1 998
0 
0 
0 
1 5268
1 3013
0 
0 
0 
0 
0 
0 
1 2778
0 
0 
0 
0 
0 
0 
1 4765
0 
0 
0 
1 4306
1 4232
1 1985
0 
3 1206 2926 3096
0 
0 
0 
0 
1 1195
1 792
0 
0 
1 962
1 566
0 
0 
0 
2 198 2335
1 1406
0 
0 
0 
0 
1 166
1 714
0 
0 
0 
0 
1 3090
0 
0 
0 
2 1201 2776
0 
1 11
0 
0 
0 
0 
1 337
0 
0 
0 
0 
0 
1 3732
2 410 2803
0 
0 
1 368
0 
1 632
0 
0 
1 4390
0 
0 
0 
0 
0 
0 
0 
1 3555
0 
0 
0 
0 
0 
0 
0 
0 
2 3565 5464
2 381 1262
0 
0 
0 
0 
0 
0 
0 
1 2894
0 
0 
0 
0 
2 4842 5296
1 2726
1 4190
0 
1 3370
0 
0 
0 
0 
0 
1 2991
2 1097 2197
0 
1 874
1 1572
0 
1 2169
0 
1 5000
1 4195
1 135
0 
0 
0 
1 1740
0 
0 
0 
0 
1 1531
0 
0 
0 
0 
0 
0 
0 
0 
0 
0 
0 
0 
2 119 2137
1 1143
2 1633 2241
0 
0 
0 
1 5236
0 
0 
0 
0 
1 1518
0 
0 
1 2736
1 5306
0 
1 2351
0 
0 
2 1757 5081
0 
0 
1 3888
0 
0 
1 3852
0 
0 
0 
0 
0 
0 
0 
0 
1 2299
0 
1 3731
0 
0 
1 5085
0 
0 
3 635 3069 5082
1 3569
0 
0 
1 4534
0 
0 
3 331 4740 5455
1 3660
1 1300
1 742
0 
0 
0 
1 674
0 
0 
0 
0 
1 76
0 
0 
0 
1 3844
0 
0 
0 
0 
0 
0 
2 2573 3451
1 2148
0 
0 
2 4479 5316
0 
0 
0 
2 1013 2828
0 
1 2240
0 
0 
0 
0 
0 
1 3354
0 
0 
1 4601
1 2408
0 
0 
3 347 1604 1654
1 4921
0 
0 
1 765
1 230
0 
1 2507
0 
0 
0 
0 
0 
0 
0 
1 5320
0 
0 
2 1652 5135
1 1115
0 
0 
0 
0 
0 
0 
1 2530
1 550
1 828
0 
2 69 1894
0 
0 
0 
1 3812
0 
0 
0 
1 582
0 
0 
0 
0 
0 
1 255
1 1667
0 
0 
0 
0 
0 
0 
0 
0 
1 4884
1 974
0 
0 
0 
1 570
1 1288
0 
0 
0 
0 
0 
2 3242 3486
1 4036
0 
0 
0 
0 
0 
1 2784
0 
0 
0 
0 
0 
0 
1 2542
1 924
0 
1 1611
0 
2 1639 2437
1 5176
1 4927
0 
3 133 2400 3826
2 4544 5247
0 
0 
0 
0 
0 
0 
0 
2 2478 3484
0 
0 
0 
0 
0 
1 5244
0 
0 
1 82
0 
0 
1 1060
0 
0 
1 1442
0 
1 5531
1 1392
0 
1 3182
2 3147 4179
0 
0 
0 
1 2514
0 
0 
0 
1 1803
0 
1 1829
1 5162
0 
1 1864
0 
0 
0 
0 
1 3321
1 3421
2 437 5333
0 
1 2359
0 
1 1421
1 4397
0 
0 
0 
0 
0 
0 
0 
0 
1 3803
0 
0 
0 
0 
0 
0 
0 
0 
1 177
0 
1 565
0 
0 
1 190
1 366
0 
0 
0 
0 
0 
0 
0 
1 354
0 
2 202 499
0 
2 1077 4956
1 3405
1 503
0 
0 
1 3562
1 2524
0 
0 
0 
1 4354
0 
0 
0 
1 490
0 
0 
0 
0 
0 
0 
0 
1 5448
0 
0 
0 
0 
3 1776 3724 4005
0 
0 
0 
1 1515
0 
0 
1 2978
1 2426
0 
0 
1 2128
1 4270
1 4141
0 
1 934
0 
1 3800
0 
1 5544
0 
0 
0 
0 
1 383
0 
1 3752
0 
0 
0 
0 
0 
1 4476
0 
0 
0 
0 
0 
0 
0 
0 
0 
1 3619
0 
1 2537
0 
0 
1 394
0 
0 
0 
0 
0 
0 
3 1214 3711 5011
0 
1 4194
2 3319 3964
0 
0 
0 
0 
0 
1 4516
0 
0 
0 
0 
0 
1 1602
0 
0 
0 
0 
0 
0 
0 
0 
0 
0 
0 
0 
0 
1 1353
0 
0 
3 3097 3873 5068
0 
0 
2 2301 2679
0 
0 
0 
2 1453 4918
0 
0 
0 
0 
0 
1 4252
1 4793
0 
0 
2 2278 3315
0 
0 
0 
0 
1 5238
0 
0 
0 
0 
0 
0 
1 4609
0 
0 
1 696
0 
0 
0 
0 
0 
0 
0 
0 
1 5215
0 
0 
1 187
0 
0 
0 
1 1068
0 
0 
1 1122
1 1947
0 
0 
1 3287
0 
0 
0 
2 1573 4847
0 
0 
0 
1 4668
0 
1 378
0 
0 
0 
0 
1 1934
0 
1 3918
0 
0 
0 
0 
0 
1 3362
1 693
1 2787
0 
1 1669
0 
0 
0 
0 
0 
0 
0 
0 
1 4640
0 
0 
0 
0 
0 
0 
0 
0 
0 
0 
0 
1 246
0 
1 1304
0 
0 
0 
0 
1 3840
1 3289
0 
0 
0 
0 
0 
0 
0 
0 
0 
0 
0 
0 
0 
0 
1 4404
0 
0 
0 
0 
0 
0 
0 
1 5128
0 
1 4549
0 
0 
3 300 4928 5422
1 4413
1 83
0 
0 
1 3125
0 
1 3699
5 1134 1845 2004 3897 4983
0 
0 
3 2555 2934 3646
0 
0 
1 1949
0 
0 
0 
0 
0 
0 
1 1235
1 3531
0 
0 
0 
0 
1 3713
1 3593
0 
0 
0 
0 
0 
1 4703
0 
0 
0 
0 
0 
0 
0 
1 768
0 
0 
0 
0 
1 1772
0 
0 
1 2154
0 
0 
1 3394
0 
0 
0 
0 
0 
0 
2 647 4963
0 
0 
0 
0 
0 
0 
2 53 1814
0 
0 
0 
1 872
0 
1 1812
0 
0 
1 5354
1 3953
1 4981
0 
0 
0 
0 
1 2913
2 1710 3047
0 
0 
0 
0 
0 
0 
1 1397
0 
0 
0 
0 
0 
1 662
3 903 2221 2264
0 
1 4320
0 
0 
2 890 2417
0 
0 
0 
0 
1 4090
0 
1 1801
0 
0 
1 3406
0 
0 
0 
0 
0 
0 
0 
0 
0 
0 
0 
1 727
1 4881
0 
1 3720
1 1899
0 
0 
0 
0 
0 
0 
0 
0 
0 
1 3785
1 2547
2 4608 5307
2 2078 2472
0 
3 1215 2485 3938
1 5137
0 
1 556
0 
1 3822
1 1226
0 
0 
1 5270
2 3455 3480
1 3998
0 
0 
0 
0 
1 5532
0 
0 
1 3955
1 1900
0 
0 
1 5086
0 
1 5101
0 
0 
1 3556
1 1192
0 
0 
1 4577
0 
0 
0 
1 3667
0 
0 
0 
0 
0 
0 
0 
0 
1 580
0 
0 
1 5216
0 
0 
0 
1 2307
1 4954
1 4808
0 
0 
0 
0 
0 
0 
0 
0 
0 
0 
0 
0 
0 
0 
0 
0 
0 
1 137
1 5321
1 2817
0 
0 
0 
1 4936
0 
1 3102
0 
0 
1 4895
0 
0 
0 
1 2592
0 
0 
0 
0 
0 
0 
0 
0 
0 
0 
1 2291
0 
0 
2 3715 5543
0 
1 2140
0 
1 121
0 
1 1310
0 
0 
0 
0 
0 
0 
0 
1 1380
1 3611
1 2423
0 
0 
0 
0 
0 
0 
0 
2 1373 2521
2 1266 5033
1 2810
0 
0 
0 
0 
0 
0 
0 
0 
0 
0 
1 2323
1 2936
0 
0 
0 
1 4165
0 
1 5
0 
0 
0 
0 
0 
0 
0 
0 
1 4307
0 
0 
0 
0 
0 
0 
0 
1 1863
1 1362
0 
0 
1 5463
1 1514
0 
0 
2 554 3254
0 
1 5046
0 
0 
1 2008
0 
0 
0 
1 369
1 1440
0 
1 260
0 
0 
1 3662
0 
0 
1 3272
0 
0 
0 
1 621
1 2572
0 
2 425 2640
0 
0 
0 
1 1743
0 
0 
0 
0 
0 
1 1135
1 3599
0 
1 1448
0 
0 
0 
1 2453
0 
0 
0 
0 
1 3367
0 
1 39
0 
0 
0 
0 
0 
0 
1 2602
0 
1 3049
0 
1 1706
0 
0 
0 
0 
0 
1 3372
0 
0 
0 
0 
0 
1 1642
1 4059
0 
0 
0 
0 
0 
0 
0 
0 
0 
0 
0 
0 
0 
0 
0 
1 3549
1 3993
0 
0 
0 
0 
0 
1 5432
0 
0 
0 
0 
1 3546
0 
0 
1 2876
0 
2 567 1340
0 
0 
0 
0 
0 
1 980
0 
0 
1 152
0 
4 141 1593 2375 2770
0 
0 
1 1594
1 2970
0 
0 
0 
0 
0 
0 
0 
1 1501
0 
0 
1 3265
0 
0 
0 
1 2745
1 951
0 
0 
0 
0 
0 
0 
0 
1 1904
1 413
1 3135
0 
0 
0 
0 
0 
0 
0 
0 
0 
0 
1 1722
0 
1 3609
0 
1 2750
0 
1 3269
0 
1 1093
0 
0 
0 
1 92
0 
0 
0 
0 
1 2834
0 
0 
0 
1 3691
0 
0 
0 
0 
1 5180
0 
0 
0 
0 
0 
1 3414
0 
0 
2 1567 4284
1 575
1 56
0 
1 1548
0 
0 
1 282
1 32
0 
0 
0 
0 
1 795
0 
3 917 2883 5412
2 2541 3439
0 
1 4411
0 
0 
0 
0 
0 
0 
0 
0 
0 
1 4138
0 
1 896
1 4945
0 
0 
1 5115
0 
0 
0 
1 2101
0 
0 
1 4700
0 
0 
1 739
2 93 439
0 
2 943 3827
1 1089
0 
2 4069 4259
0 
1 2028
0 
2 2713 3927
0 
0 
0 
2 3221 3553
0 
1 883
0 
0 
0 
0 
0 
0 
0 
1 27
1 2835
0 
1 2526
0 
0 
0 
0 
0 
0 
0 
0 
1 3072
0 
0 
0 
0 
0 
0 
0 
1 2041
1 4244
0 
0 
0 
0 
1 5453
0 
0 
1 1600
0 
1 2042
0 
0 
0 
0 
1 4542
0 
1 2999
2 4630 5192
0 
0 
0 
0 
0 
1 4177
0 
0 
0 
0 
1 1106
0 
0 
0 
0 
1 5041
0 
0 
0 
0 
0 
0 
0 
0 
0 
1 1011
0 
0 
0 
0 
0 
1 5074
0 
0 
1 4554
0 
0 
0 
0 
2 689 2320
1 1504
0 
0 
0 
1 982
1 2282
2 2329 5303
0 
0 
0 
0 
0 
0 
1 4588
0 
0 
0 
0 
0 
0 
0 
0 
0 
1 3505
0 
2 1630 5253
0 
0 
0 
0 
0 
0 
0 
2 1435 1780
0 
0 
0 
1 1260
0 
0 
0 
0 
0 
0 
0 
0 
0 
2 1882 3971
1 2158
2 3910 4267
0 
0 
1 5153
0 
1 5001
0 
0 
0 
0 
0 
0 
1 1125
0 
0 
0 
0 
0 
1 4291
1 4178
0 
0 
0 
0 
0 
1 4667
0 
0 
0 
0 
0 
1 2764
0 
0 
0 
0 
0 
1 5189
0 
0 
0 
0 
0 
0 
0 
0 
0 
0 
0 
0 
0 
1 2442
0 
0 
2 695 4391
0 
2 930 940
0 
0 
0 
0 
1 4815
0 
0 
0 
0 
1 2564
2 5241 5388
2 2550 4061
0 
0 
0 
1 3341
0 
1 13
1 2146
0 
2 2793 5323
0 
1 3764
0 
1 3017
0 
0 
0 
0 
0 
1 5360
0 
0 
0 
1 602
0 
1 3763
0 
0 
0 
1 2668
0 
1 3986
0 
0 
0 
0 
0 
1 4558
0 
0 
0 
0 
0 
0 
0 
2 406 889
0 
0 
0 
0 
0 
0 
0 
0 
0 
0 
1 5167
1 2121
0 
1 5275
3 2083 4038 4682
0 
0 
0 
0 
1 4733
0 
0 
1 4489
0 
2 1200 4849
0 
0 
0 
3 2754 2892 3587
1 4877
0 
0 
0 
0 
0 
0 
0 
0 
0 
1 3273
0 
1 4337
0 
0 
1 2697
0 
0 
0 
0 
0 
0 
0 
0 
0 
0 
0 
0 
0 
1 4920
2 452 3504
0 
0 
1 1162
0 
0 
0 
1 1056
0 
0 
0 
0 
0 
0 
0 
1 1137
2 2204 4958
0 
1 2021
0 
0 
1 609
0 
0 
0 
0 
0 
0 
0 
1 4272
0 
0 
0 
0 
0 
0 
0 
0 
0 
0 
1 1062
0 
0 
1 2318
0 
0 
0 
0 
0 
0 
0 
0 
0 
0 
0 
0 
0 
0 
0 
0 
0 
2 608 2832
0 
0 
0 
0 
1 3204
0 
1 2448
1 913
0 
0 
1 557
0 
0 
0 
0 
0 
2 2760 3000
0 
0 
0 
2 4960 5141
0 
0 
0 
0 
0 
0 
0 
0 
0 
1 5280
0 
0 
1 3520
0 
0 
0 
1 122
0 
0 
0 
0 
0 
2 3235 3666
0 
0 
0 
0 
0 
0 
0 
0 
0 
0 
0 
0 
0 
1 3118
1 1926
1 763
2 708 2864
0 
0 
1 2081
0 
0 
1 3463
0 
1 3417
0 
3 418 2845 3522
0 
0 
0 
1 1945
0 
0 
0 
0 
0 
1 3751
0 
1 2731
0 
1 1390
0 
0 
0 
0 
0 
0 
1 1199
0 
0 
0 
0 
2 758 2707
0 
0 
1 3837
0 
0 
0 
1 1535
0 
0 
1 1781
0 
1 3513
0 
0 
1 4292
0 
0 
1 3952
0 
1 1016
0 
0 
0 
0 
0 
0 
0 
1 97
0 
2 5211 5539
0 
0 
1 196
0 
0 
0 
0 
3 1579 4226 4634
1 3981
1 2305
0 
1 3444
1 4170
0 
1 3151
0 
1 3403
0 
1 3239
0 
1 2865
1 4186
2 1034 2433
0 
1 4798
0 
0 
2 4325 5362
0 
0 
0 
0 
0 
0 
1 5260
0 
0 
0 
1 688
0 
0 
1 5533
0 
0 
1 3530
0 
0 
0 
1 5291
0 
1 2238
0 
0 
1 1837
0 
0 
0 
0 
1 3575
0 
1 2119
0 
0 
0 
0 
0 
0 
0 
1 3626
0 
0 
1 2509
0 
2 2851 4797
0 
0 
0 
0 
0 
0 
0 
1 3398
0 
0 
0 
0 
0 
0 
0 
2 2097 3657
0 
2 1506 2959
0 
0 
1 2231
0 
1 5445
3 2141 3093 4987
0 
2 1008 1796
0 
0 
0 
0 
0 
0 
0 
3 1836 3753 4735
1 2117
1 3933
1 4261
0 
1 274
0 
1 261
0 
0 
0 
1 1227
1 2103
0 
0 
1 530
0 
0 
0 
2 2069 3573
0 
0 
0 
0 
1 757
0 
0 
0 
1 1029
0 
0 
0 
0 
0 
0 
1 2988
0 
0 
0 
0 
0 
1 2358
0 
0 
0 
0 
0 
0 
0 
0 
0 
0 
0 
1 1748
0 
1 4565
0 
2 2912 5229
0 
0 
1 3471
0 
1 4562
2 4269 5130
1 1552
1 649
1 3574
0 
0 
0 
1 3745
0 
0 
0 
0 
0 
0 
0 
0 
0 
0 
0 
1 4199
0 
0 
0 
0 
0 
0 
0 
2 594 2127
0 
1 861
0 
0 
1 1964
0 
0 
0 
1 2422
0 
0 
0 
0 
1 1298
1 3121
0 
0 
0 
4 2588 3894 4480 4692
1 534
2 1188 2823
0 
0 
0 
0 
0 
0 
0 
0 
1 3550
0 
0 
0 
0 
0 
0 
0 
0 
0 
1 1840
0 
0 
0 
0 
0 
1 2866
0 
0 
0 
1 5069
0 
0 
0 
1 5503
1 111
0 
0 
1 657
0 
0 
0 
0 
0 
1 881
1 820
0 
0 
0 
0 
0 
0 
1 5392
1 5021
1 1327
0 
0 
0 
0 
1 2951
0 
0 
0 
0 
1 2033
0 
0 
0 
0 
0 
1 344
3 516 4806 5257
0 
1 1316
0 
1 1014
0 
0 
2 1044 2975
0 
0 
0 
1 4045
0 
0 
0 
2 2388 5387
1 747
0 
0 
2 4463 5340
0 
0 
0 
1 4288
0 
0 
0 
0 
0 
1 1928
0 
0 
0 
0 
1 3725
0 
0 
0 
0 
0 
1 4202
0 
0 
1 2794
0 
0 
0 
0 
1 2976
1 5143
0 
0 
0 
0 
1 1320
0 
1 2207
2 1737 5047
1 80
0 
1 5405
0 
0 
1 4859
1 3793
0 
0 
0 
0 
0 
0 
0 
1 3541
0 
1 3854
1 4848
0 
0 
0 
0 
0 
1 267
0 
0 
0 
1 1608
0 
0 
0 
1 4567
0 
1 5394
0 
0 
1 4158
0 
0 
0 
0 
1 4386
0 
0 
0 
1 4728
0 
0 
0 
1 1661
1 2161
0 
0 
0 
0 
1 1182
0 
0 
0 
0 
0 
0 
0 
0 
0 
0 
0 
0 
0 
1 1387
1 2348
0 
0 
1 2250
0 
1 3507
0 
1 2099
0 
0 
0 
0 
0 
0 
0 
0 
1 2490
0 
1 4774
0 
2 446 2739
0 
0 
1 1047
3 2962 3040 5345
0 
1 3637
2 4381 5168
0 
0 
0 
0 
0 
0 
0 
0 
0 
0 
0 
0 
0 
0 
0 
0 
0 
0 
0 
1 4421
0 
0 
0 
0 
0 
1 4029
0 
0 
0 
0 
4 1553 2399 2824 5201
2 1173 4374
0 
1 2024
0 
0 
1 5298
0 
0 
1 4251
0 
0 
1 4527
0 
0 
0 
0 
0 
1 2164
0 
0 
0 
0 
1 339
0 
1 3825
0 
2 1599 4115
0 
0 
0 
0 
0 
1 4216
0 
1 790
2 3169 3376
0 
0 
0 
1 5030
0 
0 
0 
0 
0 
0 
0 
0 
1 3942
0 
1 2167
0 
1 358
1 5461
1 3103
0 
0 
0 
0 
0 
0 
0 
1 513
0 
1 4778
0 
0 
0 
0 
1 168
0 
0 
0 
0 
0 
0 
1 1023
0 
0 
1 211
0 
0 
0 
0 
0 
0 
0 
0 
0 
0 
0 
0 
1 1194
0 
0 
1 115
0 
0 
0 
1 563
0 
0 
0 
0 
0 
0 
0 
0 
0 
0 
0 
0 
0 
0 
1 4238
1 2846
0 
0 
0 
1 3166
0 
0 
0 
0 
0 
3 504 584 1049
0 
2 3064 4356
0 
0 
0 
1 3033
0 
0 
0 
0 
0 
0 
0 
0 
0 
0 
0 
0 
0 
0 
0 
0 
1 2342
0 
0 
0 
0 
1 1458
0 
0 
0 
0 
0 
0 
1 2811
0 
1 156
0 
1 869
0 
0 
0 
0 
0 
0 
1 216
0 
1 22
0 
0 
0 
0 
0 
1 8
0 
0 
0 
0 
0 
1 1263
0 
2 3608 5444
0 
0 
0 
0 
0 
1 2971
0 
0 
0 
0 
0 
0 
2 287 2658
0 
0 
1 4661
1 607
0 
0 
1 538
1 4461
0 
0 
0 
0 
0 
1 4073
0 
0 
0 
0 
0 
0 
0 
1 468
0 
0 
1 2841
0 
1 1209
0 
0 
0 
0 
0 
0 
0 
0 
0 
0 
0 
0 
0 
0 
1 4615
1 2381
0 
0 
0 
0 
0 
2 1566 2368
0 
0 
0 
1 3399
0 
1 1429
1 4718
0 
0 
0 
0 
0 
0 
0 
1 1178
0 
2 4436 4729
0 
0 
0 
1 4197
0 
2 1779 3664
0 
0 
3 2499 3673 3702
0 
1 2378
0 
0 
1 1794
1 5319
1 3052
1 4009
0 
0 
0 
1 54
0 
2 2690 4976
2 1250 2439
0 
1 2699
0 
0 
0 
2 158 2227
1 1427
0 
0 
0 
0 
0 
1 4883
1 3356
1 2075
0 
0 
0 
0 
1 174
1 231
0 
0 
1 3629
0 
1 1782
0 
0 
0 
2 1218 3728
0 
0 
0 
0 
1 578
1 4502
0 
0 
0 
1 1516
1 1083
0 
0 
0 
0 
1 1489
0 
0 
0 
1 5426
0 
1 4813
3 755 2303 4643
1 1657
0 
0 
3 2568 3245 5278
0 
1 2534
0 
0 
1 249
0 
0 
0 
0 
0 
1 1993
0 
0 
0 
1 1059
0 
0 
0 
0 
1 3931
0 
2 2314 2457
3 1138 4208 4855
0 
0 
0 
0 
0 
1 1408
0 
0 
0 
0 
0 
0 
0 
0 
1 2201
0 
0 
0 
0 
0 
0 
1 236
0 
0 
0 
1 4440
1 4564
0 
0 
1 4466
0 
1 2743
0 
0 
0 
1 1833
1 2384
1 5324
1 189
0 
1 1674
1 4675
0 
0 
0 
0 
0 
0 
0 
0 
0 
0 
0 
0 
1 1517
1 496
0 
1 5061
0 
0 
0 
0 
0 
0 
1 1217
0 
0 
2 2655 4614
1 1849
0 
1 5474
0 
0 
1 3119
1 3901
0 
0 
1 1205
0 
1 1565
0 
0 
1 549
0 
1 5277
0 
1 474
0 
0 
0 
2 921 4295
0 
0 
0 
0 
0 
1 1557
0 
1 5003
0 
1 5177
0 
0 
0 
0 
0 
1 3473
0 
0 
0 
0 
0 
1 690
0 
0 
0 
0 
0 
2 257 4800
0 
0 
1 1644
0 
0 
0 
0 
1 4210
0 
0 
0 
0 
0 
0 
0 
0 
0 
1 734
0 
1 2877
0 
1 5379
0 
1 4297
0 
0 
1 1248
0 
0 
0 
0 
0 
0 
1 2226
0 
0 
0 
1 3494
1 3236
1 3170
0 
0 
0 
0 
0 
0 
0 
1 2593
0 
0 
0 
1 2445
1 4021
0 
0 
0 
0 
0 
0 
0 
0 
0 
0 
1 259
1 374
0 
0 
0 
2 2919 4861
0 
1 1697
0 
0 
0 
0 
0 
0 
0 
0 
0 
2 2608 2643
0 
1 4096
1 4637
0 
0 
0 
0 
0 
2 497 1994
0 
0 
0 
0 
0 
0 
0 
0 
0 
0 
0 
0 
0 
1 5436
1 1650
0 
0 
0 
0 
0 
1 3517
1 4443
0 
0 
0 
0 
0 
1 4102
1 1520
0 
1 601
0 
0 
1 1385
1 120
0 
2 3498 4246
0 
0 
0 
1 4505
0 
0 
1 2685
0 
0 
0 
0 
1 596
1 3081
0 
0 
0 
0 
0 
0 
0 
0 
0 
1 851
1 2996
1 3818
0 
0 
1 355
0 
0 
0 
0 
0 
1 2280
0 
0 
1 2302
0 
0 
0 
0 
1 2059
1 1196
0 
0 
0 
0 
0 
0 
0 
0 
0 
1 1331
0 
0 
0 
0 
0 
0 
0 
1 217
0 
0 
0 
0 
1 506
0 
0 
0 
0 
0 
0 
0 
0 
1 5089
0 
0 
0 
0 
0 
0 
1 5269
0 
1 5240
1 1575
0 
0 
0 
0 
0 
0 
0 
0 
1 4930
1 3285
0 
0 
0 
0 
0 
0 
0 
0 
0 
0 
0 
0 
1 589
1 2948
0 
0 
0 
1 2030
0 
0 
0 
0 
0 
1 1734
0 
0 
0 
0 
0 
1 1538
0 
0 
1 4581
6 995 2293 2376 2566 3198 4317
0 
0 
0 
0 
0 
0 
0 
0 
0 
0 
0 
0 
0 
0 
0 
0 
0 
1 801
0 
0 
0 
1 88
0 
0 
1 1305
0 
0 
0 
0 
0 
0 
0 
0 
1 2857
0 
0 
0 
0 
0 
1 2527
0 
1 47
1 527
1 2134
0 
0 
0 
1 2424
1 4152
0 
0 
1 2725
1 240
0 
1 3413
0 
0 
0 
0 
0 
1 188
0 
0 
0 
0 
1 4837
2 289 3855
0 
0 
1 4768
0 
0 
0 
0 
1 1337
0 
0 
0 
2 3917 4405
0 
0 
0 
0 
0 
1 238
1 1166
1 1857
0 
0 
0 
1 73
0 
0 
1 3668
1 5094
0 
0 
1 5099
0 
0 
0 
1 4599
0 
0 
1 2889
1 2150
0 
0 
0 
1 1145
0 
0 
1 4112
0 
1 4642
2 929 5304
0 
0 
0 
0 
0 
0 
0 
0 
0 
0 
2 634 3283
0 
1 2884
1 4428
0 
1 5114
0 
1 3746
0 
1 2659
0 
0 
0 
0 
0 
1 4296
0 
1 1850
0 
0 
0 
0 
2 1798 4154
1 4447
0 
1 239
0 
1 2212
0 
0 
0 
0 
1 4239
0 
2 2186 5389
0 
0 
1 4926
0 
0 
0 
1 1160
1 3647
1 1497
0 
1 628
1 1179
0 
1 2693
1 2007
0 
1 3274
0 
0 
1 2654
0 
0 
1 2115
0 
1 4948
0 
1 1255
1 4368
0 
0 
0 
0 
0 
0 
1 5492
0 
1 2153
0 
0 
1 1038
0 
0 
0 
0 
1 2822
1 2501
0 
0 
0 
0 
0 
0 
0 
0 
0 
1 3412
1 908
1 2556
0 
0 
0 
0 
0 
0 
1 4387
0 
0 
1 408
2 636 3737
0 
0 
0 
0 
1 4739
0 
0 
0 
1 1995
0 
2 3180 4940
0 
0 
0 
2 2044 3433
0 
2 270 1399
0 
1 2458
0 
0 
0 
0 
1 1745
0 
0 
0 
2 1477 4500
1 4965
0 
0 
1 2796
0 
1 4526
1 1668
0 
1 5328
0 
1 4597
0 
0 
0 
1 3004
0 
0 
1 3905
0 
0 
0 
0 
0 
0 
0 
0 
1 5364
0 
2 1273 5044
0 
0 
0 
1 294
0 
1 1152
0 
0 
0 
0 
0 
0 
0 
1 1883
1 730
0 
0 
0 
0 
0 
0 
0 
0 
0 
0 
0 
0 
0 
1 3843
0 
0 
0 
0 
0 
0 
0 
0 
0 
0 
1 683
0 
0 
0 
1 1940
0 
0 
1 1603
2 1154 2858
1 2244
1 2470
0 
0 
0 
1 2973
0 
0 
1 3991
0 
1 205
0 
0 
0 
1 2804
0 
0 
1 5165
0 
1 1094
0 
0 
0 
0 
0 
0 
0 
0 
1 1042
2 2410 4483
1 2536
0 
0 
0 
1 1330
0 
0 
0 
0 
0 
1 5500
3 1835 2354 3099
0 
0 
0 
1 3833
0 
0 
0 
0 
0 
1 5259
2 1761 2258
0 
0 
0 
0 
0 
1 4452
2 2363 3369
1 5014
0 
0 
0 
0 
0 
0 
0 
0 
0 
1 1418
1 2165
0 
1 3915
1 4116
0 
1 2122
0 
0 
0 
0 
1 670
2 3895 4561
0 
0 
0 
0 
1 1500
0 
0 
0 
0 
0 
0 
0 
0 
1 489
0 
0 
0 
0 
0 
0 
1 1529
0 
0 
0 
0 
0 
0 
0 
0 
0 
0 
0 
0 
0 
1 1700
0 
0 
1 5213
0 
0 
0 
0 
2 2463 5393
1 1613
0 
0 
0 
0 
0 
0 
0 
0 
0 
0 
0 
0 
1 569
0 
0 
0 
0 
0 
1 3212
0 
1 3849
0 
1 4024
0 
0 
0 
0 
0 
0 
0 
0 
0 
0 
1 5242
0 
0 
1 4065
0 
0 
0 
0 
0 
0 
0 
0 
0 
1 1241
0 
1 4414
0 
1 4108
0 
0 
0 
0 
1 1927
0 
0 
0 
0 
0 
0 
0 
0 
0 
0 
1 1459
2 1291 1767
0 
0 
0 
0 
1 2827
0 
0 
1 531
0 
1 508
1 2236
1 1404
1 537
1 4576
1 1789
0 
1 568
0 
0 
0 
1 4816
0 
0 
0 
0 
0 
1 947
0 
0 
0 
1 1482
1 4962
0 
2 942 2708
0 
0 
1 615
0 
0 
0 
0 
0 
0 
0 
0 
0 
0 
1 1259
0 
0 
0 
0 
1 2112
0 
0 
0 
0 
0 
0 
0 
0 
0 
0 
0 
0 
0 
0 
1 1461
1 4025
0 
0 
0 
0 
0 
1 1265
0 
0 
0 
1 1992
1 3083
0 
0 
5 466 1615 1753 3429 5536
0 
1 3850
0 
0 
0 
1 4952
0 
0 
0 
0 
0 
0 
0 
0 
0 
1 912
0 
0 
1 2932
0 
0 
0 
1 1841
0 
2 1931 5235
1 1999
0 
0 
0 
1 2076
1 920
1 4330
0 
0 
0 
2 510 1975
0 
0 
2 1446 2084
1 2855
0 
1 5191
0 
0 
0 
0 
0 
0 
1 322
0 
0 
0 
0 
0 
0 
0 
0 
0 
0 
0 
0 
0 
0 
0 
0 
1 5092
0 
0 
0 
0 
0 
1 3050
1 1503
1 4242
2 1170 5313
0 
0 
0 
1 1031
2 2652 4077
0 
0 
1 2479
0 
0 
0 
0 
0 
1 843
0 
1 2265
0 
0 
1 3533
0 
0 
1 4240
0 
1 2637
0 
0 
1 3836
0 
0 
0 
1 694
1 5450
0 
0 
0 
0 
0 
0 
1 4243
0 
0 
0 
0 
0 
1 682
0 
1 2862
1 241
0 
0 
0 
1 4446
1 1326
0 
0 
1 1111
0 
0 
0 
0 
1 846
0 
0 
0 
0 
0 
0 
0 
0 
0 
0 
0 
0 
0 
0 
0 
1 4676
2 4142 4600
1 1507
1 2182
0 
0 
0 
0 
0 
2 1607 2650
0 
0 
0 
0 
0 
1 3293
2 2223 2873
0 
0 
0 
1 1282
2 4575 4834
0 
0 
0 
0 
0 
1 1977
2 1374 3351
0 
0 
0 
1 2886
0 
0 
0 
1 2386
1 3324
0 
0 
0 
0 
0 
1 2792
0 
0 
0 
0 
1 3674
0 
1 4314
1 2431
0 
0 
0 
1 1698
0 
0 
0 
0 
0 
0 
0 
0 
0 
0 
0 
0 
0 
0 
2 1426 3749
1 3344
0 
0 
0 
1 4336
0 
0 
1 3042
0 
1 3164
1 630
0 
0 
0 
0 
0 
1 293
0 
0 
1 3225
0 
0 
1 2319
0 
0 
0 
0 
1 1802
0 
1 2839
1 4892
0 
0 
0 
0 
0 
0 
0 
0 
3 1012 2045 5457
1 4278
1 2814
1 1856
1 4520
0 
0 
0 
1 810
0 
0 
0 
0 
1 5190
0 
0 
0 
1 1792
0 
1 4947
0 
0 
0 
1 3201
0 
0 
1 3307
0 
0 
1 1232
0 
1 4367
0 
0 
0 
0 
0 
1 2129
1 844
1 4478
1 3676
0 
0 
0 
1 5026
0 
1 5039
1 5292
0 
0 
0 
0 
0 
0 
0 
1 2452
0 
1 4657
0 
1 90
0 
0 
1 3839
0 
1 619
0 
0 
1 1727
0 
1 2427
0 
0 
0 
0 
0 
0 
0 
0 
0 
0 
1 2070
1 1590
0 
0 
1 3440
2 2705 4488
1 1846
1 2139
0 
1 716
0 
1 2888
0 
0 
0 
0 
1 1270
0 
1 4460
0 
0 
1 352
1 3054
1 3497
0 
1 4180
0 
1 2200
0 
1 1966
0 
1 209
0 
0 
0 
0 
0 
0 
0 
0 
0 
0 
1 4398
1 4280
1 1039
1 5318
1 4898
0 
0 
0 
0 
0 
0 
1 1496
0 
0 
0 
0 
0 
1 3331
0 
0 
0 
0 
0 
0 
0 
0 
0 
0 
0 
0 
0 
0 
0 
0 
0 
1 4639
1 4679
0 
1 1704
0 
0 
0 
0 
0 
0 
1 1523
1 420
0 
0 
0 
0 
0 
0 
0 
0 
1 1480
1 4824
0 
0 
0 
1 3343
1 2517
0 
0 
0 
0 
0 
0 
0 
0 
1 5458
0 
0 
1 2420
0 
0 
0 
0 
0 
1 2098
1 4707
0 
0 
0 
0 
0 
0 
0 
0 
0 
0 
0 
0 
1 842
0 
0 
0 
0 
1 4959
1 323
0 
1 5305
0 
1 1181
1 4548
0 
1 2392
1 2162
0 
0 
0 
0 
1 1916
1 3202
0 
0 
0 
0 
0 
1 2589
1 5397
0 
0 
0 
0 
1 4942
0 
0 
0 
1 800
0 
0 
0 
0 
0 
0 
0 
0 
0 
0 
1 4799
0 
1 5369
0 
0 
0 
1 4607
1 3298
1 4372
0 
0 
0 
0 
0 
0 
0 
0 
1 4941
0 
0 
1 4641
0 
0 
1 67
0 
2 3512 5384
1 4510
0 
0 
0 
0 
0 
0 
1 949
0 
0 
0 
1 3762
0 
1 3233
3 371 3364 4091
1 2512
2 2225 5182
0 
1 3511
1 4430
0 
0 
0 
0 
0 
0 
0 
0 
0 
0 
0 
0 
0 
0 
0 
0 
0 
2 978 1350
0 
0 
0 
0 
4 3972 4145 4717 5142
1 3409
0 
0 
1 4858
0 
2 1878 2460
0 
0 
0 
0 
0 
0 
0 
0 
1 387
0 
0 
0 
0 
0 
0 
0 
0 
0 
0 
0 
0 
0 
1 4973
0 
0 
0 
0 
0 
0 
0 
0 
0 
0 
0 
0 
0 
0 
0 
0 
0 
1 5265
1 3994
0 
1 2879
0 
0 
0 
0 
0 
0 
0 
0 
0 
0 
0 
1 116
0 
0 
0 
0 
1 297
0 
1 4369
0 
0 
0 
0 
0 
0 
0 
0 
0 
0 
0 
1 1958
0 
0 
1 1875
0 
0 
0 
2 4035 5357
0 
0 
0 
0 
0 
0 
0 
0 
1 2716
0 
1 4913
0 
0 
0 
1 3200
1 536
1 4167
1 2801
1 2933
2 3719 4217
0 
0 
1 1641
0 
1 1245
1 1886
0 
1 779
0 
0 
1 1252
0 
1 1713
0 
1 1913
0 
0 
0 
1 2326
2 389 2923
2 3564 4089
0 
0 
0 
0 
1 4531
0 
0 
0 
2 3722 5515
0 
0 
0 
0 
0 
0 
0 
1 2606
0 
0 
0 
0 
0 
1 5018
0 
0 
0 
1 5034
1 4437
0 
0 
1 1973
0 
0 
0 
0 
1 2625
0 
0 
1 786
1 5366
0 
0 
0 
0 
0 
0 
0 
0 
2 390 3373
0 
0 
0 
0 
0 
1 12
0 
0 
0 
1 85
1 1076
0 
0 
0 
1 235
0 
0 
0 
0 
0 
0 
1 4880
0 
0 
1 2289
0 
0 
0 
0 
0 
0 
1 1648
0 
1 5454
0 
0 
0 
0 
0 
0 
0 
0 
0 
0 
0 
0 
1 212
2 2633 2766
0 
0 
0 
0 
0 
1 1364
0 
1 2135
0 
0 
1 435
0 
2 3407 5537
0 
0 
0 
0 
1 2275
2 782 4040
0 
0 
0 
0 
1 620
0 
1 2875
0 
0 
2 897 916
0 
0 
0 
1 34
0 
1 3259
3 1133 1286 2950
0 
0 
0 
0 
0 
0 
2 667 4821
0 
0 
0 
0 
0 
1 4864
1 2089
0 
0 
1 4310
2 193 3185
1 2497
0 
0 
1 1810
0 
0 
0 
3 945 1193 3740
0 
0 
0 
0 
0 
0 
0 
0 
1 3493
0 
0 
0 
1 5498
0 
0 
0 
1 1822
0 
1 4866
0 
0 
0 
0 
0 
0 
0 
0 
1 395
1 3588
0 
0 
0 
0 
0 
0 
0 
0 
0 
0 
1 30
0 
0 
0 
0 
0 
0 
0 
0 
1 3996
0 
0 
1 5322
0 
0 
0 
0 
0 
0 
0 
0 
0 
0 
1 4760
0 
5 895 2051 3301 4050 4872
0 
0 
0 
0 
0 
0 
0 
0 
0 
0 
0 
0 
0 
0 
0 
0 
1 1818
0 
0 
0 
1 1917
0 
1 5184
0 
0 
0 
0 
0 
1 2826
3 546 1187 3537
0 
1 4082
0 
0 
0 
1 4473
0 
0 
1 505
0 
1 228
0 
0 
0 
0 
0 
0 
0 
0 
0 
0 
1 3683
0 
1 5403
0 
0 
0 
0 
0 
0 
2 1847 5442
0 
0 
0 
0 
0 
1 2529
0 
0 
0 
0 
1 3001
0 
1 2331
0 
0 
0 
0 
0 
1 3940
0 
0 
0 
0 
0 
0 
1 4324
0 
0 
0 
0 
0 
0 
0 
0 
0 
1 4908
0 
0 
1 3314
2 658 2963
1 185
0 
2 340 5155
0 
1 4591
2 440 4909
0 
0 
0 
1 512
0 
0 
0 
0 
0 
2 2138 5002
0 
0 
1 3142
0 
0 
0 
0 
1 357
0 
0 
0 
0 
0 
0 
0 
0 
0 
0 
0 
0 
0 
1 5390
0 
0 
0 
0 
0 
0 
0 
0 
0 
0 
0 
0 
0 
3 250 3607 4970
0 
0 
0 
0 
0 
0 
0 
0 
0 
0 
1 789
0 
0 
0 
1 3120
0 
0 
1 2152
0 
0 
0 
0 
0 
0 
0 
1 306
0 
0 
1 5437
0 
0 
0 
1 3339
0 
2 411 3902
0 
0 
0 
0 
0 
0 
0 
1 2332
0 
0 
0 
0 
0 
0 
0 
0 
0 
0 
0 
0 
0 
0 
0 
0 
0 
0 
0 
0 
0 
0 
0 
1 5540
0 
0 
1 3117
1 2617
1 5196
0 
0 
0 
0 
0 
0 
0 
0 
0 
0 
0 
0 
0 
0 
0 
0 
0 
0 
0 
0 
1 4574
0 
0 
0 
1 1190
1 972
2 687 2682
0 
0 
2 123 4353
0 
1 3014
1 3390
0 
0 
0 
0 
1 1127
0 
0 
0 
0 
0 
0 
0 
0 
0 
1 37
0 
0 
0 
0 
1 3392
1 1560
1 983
0 
0 
0 
0 
0 
0 
0 
0 
3 1346 1559 4176
0 
0 
0 
0 
0 
2 370 2918
0 
1 5521
0 
0 
0 
0 
0 
0 
0 
0 
0 
0 
0 
2 815 5052
0 
0 
0 
0 
0 
1 5156
0 
0 
1 2771
1 224
0 
0 
0 
0 
1 2990
0 
0 
1 2294
0 
0 
1 5352
0 
0 
0 
0 
0 
0 
0 
0 
0 
0 
0 
0 
0 
1 5150
0 
1 1807
0 
1 1799
0 
1 1036
0 
0 
1 669
1 1015
0 
0 
0 
0 
1 1384
2 2306 4552
0 
0 
0 
0 
0 
1 1909
0 
0 
1 5494
0 
0 
0 
0 
0 
0 
0 
2 1854 2733
0 
0 
0 
0 
1 4161
0 
0 
2 2798 3602
0 
0 
2 2900 3438
0 
0 
0 
1 1174
0 
0 
1 2634
0 
0 
0 
0 
0 
0 
0 
0 
0 
1 4159
0 
0 
0 
0 
1 1582
0 
0 
0 
1 5146
0 
0 
1 3978
0 
0 
0 
0 
0 
1 3778
0 
0 
0 
0 
0 
0 
0 
0 
1 2982
0 
0 
0 
0 
0 
0 
1 2674
1 2255
0 
0 
1 5326
0 
0 
0 
0 
0 
0 
0 
0 
0 
0 
0 
0 
0 
0 
0 
0 
0 
0 
0 
1 1369
1 1389
0 
0 
0 
0 
0 
0 
0 
1 136
0 
1 2198
1 3450
1 4546
0 
0 
0 
0 
0 
1 4506
0 
0 
0 
0 
0 
0 
1 1155
1 256
0 
0 
0 
3 603 2494 5067
0 
0 
1 434
0 
0 
0 
0 
0 
1 4365
2 3628 4867
0 
0 
0 
0 
1 4845
0 
0 
0 
0 
0 
0 
0 
0 
0 
0 
0 
0 
0 
0 
0 
0 
0 
0 
0 
0 
0 
1 1800
0 
0 
0 
0 
1 3610
0 
1 3914
0 
0 
0 
0 
1 154
0 
1 3686
0 
0 
2 781 4901
0 
0 
1 485
0 
1 5368
0 
0 
0 
2 827 3921
0 
0 
0 
0 
0 
0 
1 4547
0 
0 
0 
0 
0 
0 
0 
0 
0 
0 
0 
0 
0 
0 
0 
0 
1 4838
0 
0 
0 
0 
0 
0 
0 
0 
0 
0 
1 3053
0 
0 
0 
0 
1 18
1 1768
0 
0 
1 385
2 793 4282
0 
1 4385
0 
0 
0 
0 
0 
0 
0 
0 
0 
0 
1 1758
0 
0 
1 3710
0 
0 
0 
0 
0 
0 
0 
0 
0 
0 
1 1619
0 
0 
0 
0 
0 
0 
1 5016
0 
0 
0 
0 
0 
0 
0 
0 
0 
0 
0 
0 
0 
0 
1 223
0 
1 4281
0 
0 
0 
0 
0 
0 
0 
0 
0 
0 
0 
1 1355
0 
0 
0 
0 
1 328
0 
0 
0 
0 
0 
1 679
0 
0 
0 
2 2563 3532
0 
0 
0 
0 
0 
0 
1 429
0 
0 
0 
0 
2 1431 2661
0 
0 
0 
0 
0 
0 
2 1502 4996
1 1645
0 
1 2311
0 
0 
0 
0 
1 4184
1 3076
0 
0 
0 
1 1221
0 
0 
0 
0 
0 
2 3005 5097
0 
0 
0 
1 3141
1 5264
0 
1 4990
0 
1 1825
0 
0 
0 
0 
0 
0 
0 
0 
0 
0 
1 5171
0 
0 
0 
2 2672 3326
0 
1 1490
0 
0 
0 
0 
0 
0 
0 
0 
1 3291
0 
0 
0 
1 5096
0 
0 
0 
0 
0 
1 1422
0 
1 1424
0 
1 173
0 
1 2256
1 1586
0 
0 
0 
0 
0 
0 
0 
0 
0 
0 
0 
0 
0 
1 3568
0 
0 
0 
0 
0 
0 
1 1562
1 3920
1 2941
0 
0 
0 
1 5157
0 
0 
0 
1 1842
0 
1 1851
0 
0 
0 
0 
0 
0 
1 4469
2 2224 4785
0 
0 
1 906
0 
0 
0 
1 4725
0 
0 
1 699
0 
1 2981
0 
0 
0 
0 
0 
0 
0 
0 
0 
0 
0 
0 
1 3431
1 2060
0 
0 
1 1752
0 
0 
1 4501
0 
0 
1 994
0 
0 
0 
0 
1 4610
1 3992
0 
2 2371 3478
0 
1 953
0 
0 
0 
0 
0 
0 
2 864 4686
0 
1 3131
0 
0 
0 
0 
2 5070 5163
0 
0 
1 3962
0 
0 
0 
0 
0 
0 
0 
0 
0 
0 
1 2903
0 
1 2246
1 5290
2 2340 4468
0 
1 3884
0 
0 
0 
0 
1 986
0 
0 
0 
1 5079
2 1465 4971
1 3071
0 
0 
0 
1 0
1 301
0 
0 
1 3969
1 3560
1 1588
0 
0 
0 
1 4301
1 159
0 
1 2435
0 
0 
1 104
0 
0 
0 
0 
0 
0 
0 
1 149
0 
0 
1 98
1 5289
1 360
0 
0 
1 5385
0 
0 
2 2064 5195
0 
1 4349
0 
0 
0 
1 4277
0 
0 
0 
0 
0 
0 
0 
0 
1 4140
0 
0 
0 
1 4205
1 1297
0 
1 2419
0 
0 
0 
0 
0 
1 2955
1 3624
1 678
0 
0 
0 
1 4000
0 
0 
0 
1 1943
0 
0 
1 4572
0 
1 1026
2 2853 3240
0 
0 
0 
1 3585
0 
0 
0 
0 
1 4622
1 746
0 
0 
0 
0 
0 
0 
0 
1 4206
0 
0 
0 
0 
0 
0 
0 
0 
0 
0 
0 
1 5501
0 
0 
0 
1 3186
0 
1 2995
1 345
0 
0 
0 
0 
0 
0 
0 
0 
0 
2 1987 3294
0 
0 
0 
0 
0 
0 
0 
0 
0 
1 3352
0 
0 
0 
0 
0 
0 
1 4829
0 
0 
0 
0 
0 
0 
1 151
0 
0 
2 2287 3791
1 5109
0 
0 
0 
0 
0 
0 
0 
0 
0 
0 
0 
1 4406
0 
0 
0 
0 
0 
1 4104
0 
0 
1 5541
0 
0 
1 1028
0 
0 
2 4781 4865
0 
0 
0 
0 
1 5175
0 
1 542
0 
2 3193 5206
0 
1 5035
0 
0 
0 
0 
0 
0 
1 3831
0 
0 
0 
0 
0 
0 
1 4777
0 
0 
0 
0 
0 
2 1428 2667
1 2189
0 
0 
1 3330
1 1485
1 1140
0 
0 
1 1191
0 
1 1324
1 3263
2 956 1918
0 
0 
1 3614
0 
0 
0 
2 1699 3919
0 
0 
2 454 2780
1 2729
0 
0 
1 353
0 
0 
0 
1 2854
1 2220
0 
1 4347
1 532
0 
0 
0 
0 
0 
0 
0 
0 
0 
0 
1 4394
0 
0 
0 
0 
0 
1 2063
0 
1 3768
0 
0 
0 
0 
0 
1 4412
0 
0 
0 
0 
0 
0 
0 
0 
0 
0 
0 
0 
0 
0 
0 
0 
0 
0 
0 
0 
0 
1 1443
0 
1 4555
0 
0 
1 2107
0 
0 
2 1075 3601
0 
0 
0 
0 
1 3055
2 4048 4053
1 3009
0 
0 
0 
0 
2 179 797
0 
0 
1 3615
1 455
1 442
0 
0 
0 
0 
0 
0 
0 
1 5363
1 4008
0 
0 
0 
0 
0 
3 1048 4875 5009
0 
0 
0 
0 
0 
0 
1 4710
0 
0 
1 2807
0 
1 1119
0 
0 
0 
1 769
0 
0 
1 242
0 
1 3179
0 
0 
0 
0 
0 
0 
0 
0 
0 
1 2253
1 1763
0 
0 
0 
1 3238
0 
0 
0 
1 2232
0 
0 
1 4794
0 
0 
0 
0 
1 5491
0 
0 
0 
1 333
0 
0 
0 
0 
0 
0 
0 
0 
1 3255
0 
1 3817
1 1296
0 
0 
0 
1 4427
1 113
0 
0 
1 4763
1 492
0 
0 
0 
1 2710
1 2506
0 
0 
0 
0 
0 
0 
1 2762
0 
0 
0 
0 
2 511 2365
0 
1 3397
0 
0 
0 
0 
0 
0 
0 
0 
0 
1 5545
0 
0 
0 
0 
0 
0 
0 
1 3865
0 
1 5132
1 5383
0 
0 
0 
1 1556
0 
0 
0 
0 
0 
1 5386
0 
0 
0 
2 3872 4041
0 
0 
1 5174
0 
0 
0 
0 
0 
0 
0 
0 
1 5281
0 
0 
1 5194
1 4819
1 830
0 
2 641 3695
0 
1 3257
0 
0 
0 
0 
1 2100
0 
0 
1 3277
0 
0 
2 2820 4719
1 5064
0 
0 
2 2012 2297
1 4743
1 95
0 
0 
1 1742
1 426
0 
0 
0 
0 
0 
0 
0 
0 
0 
0 
0 
0 
2 254 3374
0 
0 
0 
0 
1 617
0 
1 2831
1 3462
0 
0 
0 
1 5098
0 
0 
2 2605 3860
0 
1 4566
1 2575
0 
1 3766
0 
1 4683
0 
0 
0 
0 
0 
0 
0 
0 
2 1151 1923
0 
0 
0 
0 
1 3377
0 
0 
0 
0 
0 
1 1536
0 
0 
0 
0 
0 
0 
0 
0 
0 
0 
0 
2 1811 4113
1 659
0 
0 
1 1933
1 2284
0 
0 
0 
0 
1 2552
1 832
0 
0 
0 
0 
0 
0 
0 
0 
0 
1 219
1 1655
0 
0 
0 
1 2193
3 2856 3636 4602
0 
0 
0 
1 2642
0 
0 
0 
0 
0 
0 
0 
1 5331
0 
0 
0 
0 
1 2632
0 
1 4119
0 
0 
0 
0 
0 
0 
0 
0 
0 
0 
0 
0 
0 
0 
0 
1 2357
0 
0 
0 
0 
0 
0 
0 
1 3863
0 
0 
0 
0 
0 
1 3907
0 
0 
0 
2 1158 5431
0 
1 5525
0 
0 
1 1778
0 
0 
0 
0 
0 
0 
0 
0 
2 1449 4030
0 
0 
1 2570
0 
0 
0 
0 
0 
3 2277 3944 4363
0 
0 
0 
1 4746
0 
0 
0 
0 
0 
0 
1 2016
1 423
2 1512 4695
0 
0 
0 
0 
2 1896 4093
0 
0 
0 
1 1853
0 
1 5019
1 849
0 
0 
0 
0 
0 
1 2496
0 
0 
0 
0 
2 3224 3572
0 
0 
1 3359
0 
1 5481
0 
0 
0 
0 
0 
1 130
0 
0 
0 
1 1912
0 
0 
0 
0 
0 
0 
1 101
0 
0 
0 
2 372 3828
0 
0 
0 
0 
0 
0 
0 
0 
0 
0 
2 391 4899
1 3355
0 
0 
1 210
0 
0 
0 
0 
1 5370
0 
1 1596
0 
1 3281
0 
0 
0 
0 
0 
0 
0 
0 
1 5233
0 
0 
0 
1 1997
0 
0 
0 
1 5550
0 
0 
0 
0 
0 
0 
0 
0 
0 
0 
0 
1 2468
0 
0 
0 
0 
1 4678
0 
0 
0 
0 
0 
0 
0 
0 
0 
0 
0 
0 
1 2905
0 
1 3366
2 2533 3210
0 
0 
0 
0 
0 
0 
0 
0 
1 2183
1 3327
0 
0 
1 5231
0 
1 3207
2 518 4792
0 
1 3625
0 
1 2805
1 5381
0 
0 
0 
0 
1 2014
0 
0 
0 
0 
3 1272 1870 5116
0 
0 
0 
0 
0 
0 
0 
0 
1 4183
0 
0 
0 
1 35
1 4584
0 
0 
0 
0 
0 
1 5276
0 
2 591 2001
0 
0 
0 
0 
2 2039 4578
0 
0 
0 
0 
0 
0 
0 
1 717
0 
0 
0 
0 
0 
0 
1 3475
0 
0 
0 
1 1375
0 
0 
1 1754
0 
1 1254
0 
0 
0 
0 
0 
0 
0 
0 
0 
1 3030
0 
0 
0 
2 68 262
0 
0 
0 
0 
1 197
1 24
0 
1 2777
0 
1 1126
0 
1 3428
0 
1 545
0 
0 
0 
0 
0 
0 
0 
1 1281
0 
0 
0 
0 
0 
0 
0 
0 
1 72
0 
2 935 1086
0 
0 
1 548
1 4322
0 
0 
1 4713
2 296 4027
0 
0 
0 
0 
0 
0 
0 
3 157 3600 4596
0 
0 
0 
1 3973
1 5524
0 
0 
0 
0 
1 5440
0 
0 
0 
0 
1 3010
0 
0 
0 
1 2946
0 
2 1377 1610
0 
1 3361
0 
0 
0 
0 
0 
0 
0 
0 
0 
0 
0 
0 
0 
1 2622
1 4470
0 
1 4032
0 
0 
0 
0 
0 
0 
0 
0 
0 
0 
0 
1 463
1 4677
1 4514
0 
0 
0 
0 
0 
1 3730
0 
0 
0 
0 
0 
0 
0 
0 
1 2391
0 
0 
1 2719
0 
0 
1 1306
0 
1 4712
1 319
0 
0 
1 1398
0 
1 4511
0 
0 
1 1410
0 
1 5489
0 
1 3735
0 
0 
0 
0 
0 
0 
0 
1 5511
0 
1 2611
0 
1 3101
0 
0 
0 
0 
0 
0 
0 
1 4426
0 
0 
0 
0 
0 
0 
0 
1 397
0 
0 
1 4233
0 
0 
1 5124
0 
1 5348
0 
0 
2 79 612
0 
0 
1 182
0 
1 2217
2 3258 3389
0 
1 509
3 160 1526 3661
0 
1 2428
0 
0 
0 
0 
0 
0 
1 5502
0 
0 
2 484 1307
0 
0 
0 
0 
0 
1 646
0 
0 
0 
0 
0 
0 
0 
1 4620
0 
1 3267
0 
0 
0 
0 
0 
0 
0 
0 
1 2767
2 1834 4068
0 
0 
0 
0 
0 
0 
0 
0 
0 
1 2369
0 
0 
1 1972
1 4674
0 
0 
0 
0 
0 
2 770 1091
1 5013
0 
0 
0 
2 4078 4722
0 
0 
2 4656 4886
0 
0 
0 
0 
2 1002 3323
1 3163
1 5053
0 
0 
0 
0 
0 
2 1301 4762
0 
0 
0 
0 
1 3232
0 
2 4352 4949
0 
1 4042
2 2050 3834
0 
0 
0 
0 
1 3795
0 
1 3165
0 
0 
0 
0 
0 
1 2088
1 1736
0 
1 5121
0 
1 3173
0 
0 
0 
0 
2 1549 4474
1 1409
0 
0 
2 631 4968
1 5342
0 
1 1309
0 
1 3085
0 
0 
0 
0 
1 5203
0 
0 
0 
0 
0 
0 
2 1783 3861
0 
1 1103
3 728 1952 2125
0 
0 
0 
0 
0 
0 
0 
1 705
0 
2 415 599
0 
1 1080
0 
0 
1 362
0 
0 
0 
2 150 3627
1 4472
1 841
0 
1 2087
0 
0 
0 
0 
3 3206 4070 4741
0 
0 
0 
0 
0 
0 
1 4283
0 
0 
1 1712
0 
0 
0 
0 
0 
0 
0 
0 
0 
0 
0 
1 1197
0 
0 
0 
0 
0 
1 2027
0 
0 
0 
0 
0 
0 
0 
0 
1 611
0 
0 
0 
1 4298
0 
0 
0 
0 
0 
0 
0 
0 
0 
0 
0 
0 
0 
0 
1 4018
2 7 3733
0 
0 
0 
0 
0 
1 976
2 2850 3954
0 
1 1430
0 
0 
0 
0 
0 
2 2273 5144
1 103
0 
1 3065
0 
0 
2 2800 3643
0 
0 
2 1416 3041
1 2476
0 
1 2728
0 
0 
3 1580 1889 5027
0 
0 
0 
0 
0 
0 
0 
0 
1 4878
0 
0 
0 
1 4629
0 
0 
1 4247
1 2813
1 3906
0 
0 
0 
0 
0 
1 933
0 
0 
0 
0 
0 
0 
0 
0 
0 
0 
0 
0 
1 3227
0 
0 
0 
0 
0 
0 
0 
0 
0 
0 
1 4873
0 
0 
0 
0 
0 
0 
0 
0 
0 
0 
1 2670
1 5164
0 
0 
0 
0 
0 
0 
1 3642
0 
0 
0 
0 
0 
0 
0 
0 
0 
0 
0 
0 
0 
0 
0 
0 
0 
0 
0 
0 
1 2924
0 
0 
0 
0 
0 
0 
0 
0 
0 
0 
0 
0 
0 
0 
0 
0 
0 
0 
0 
0 
0 
0 
0 
0 
0 
0 
0 
0 
1 428
0 
0 
0 
0 
0 
0 
0 
1 1224
0 
0 
0 
0 
0 
1 2043
1 1359
0 
0 
1 4796
0 
0 
0 
0 
0 
0 
0 
1 5200
0 
0 
0 
0 
0 
0 
0 
1 213
1 4767
0 
0 
1 5029
0 
1 3333
0 
0 
2 1488 5459
0 
0 
0 
1 1186
0 
0 
0 
0 
0 
0 
0 
0 
0 
0 
0 
0 
0 
1 183
0 
0 
0 
0 
0 
0 
1 449
0 
1 2228
0 
0 
0 
0 
0 
0 
1 3813
0 
0 
0 
0 
0 
1 579
1 2718
0 
0 
0 
0 
0 
0 
0 
0 
0 
0 
0 
0 
0 
0 
4 66 3801 4451 4871
0 
0 
0 
3 2631 3423 5519
0 
0 
0 
0 
0 
0 
0 
0 
0 
0 
0 
1 5006
0 
0 
1 4934
0 
3 3334 5349 5416
0 
0 
0 
0 
1 1381
0 
0 
0 
0 
0 
0 
0 
0 
1 1908
0 
0 
1 5548
0 
0 
0 
0 
1 64
0 
0 
1 4975
1 127
0 
0 
0 
0 
0 
0 
1 2510
0 
0 
0 
3 637 4711 5131
0 
0 
0 
0 
0 
0 
0 
0 
0 
0 
0 
0 
0 
0 
1 15
0 
0 
2 4556 4922
0 
2 3175 4130
0 
0 
0 
0 
1 5476
0 
0 
0 
0 
1 4536
0 
0 
1 5185
0 
0 
0 
0 
0 
0 
0 
0 
1 4706
1 3739
2 829 4467
0 
0 
1 1308
0 
1 860
1 2159
0 
0 
0 
0 
0 
0 
0 
1 1597
0 
1 1576
0 
0 
1 3650
0 
0 
0 
0 
0 
0 
0 
0 
0 
0 
0 
1 5311
1 4155
0 
0 
1 1581
0 
0 
1 3028
0 
0 
0 
0 
0 
0 
0 
0 
0 
1 2251
0 
0 
0 
0 
1 613
0 
0 
0 
0 
1 5516
0 
0 
0 
0 
1 1051
0 
0 
0 
0 
0 
0 
0 
0 
0 
0 
1 878
0 
0 
0 
1 1065
0 
0 
0 
0 
0 
2 169 5107
0 
1 422
1 4772
0 
2 3318 4151
0 
0 
0 
0 
0 
0 
0 
0 
0 
0 
0 
0 
0 
0 
0 
0 
1 817
0 
0 
0 
0 
0 
1 3717
0 
1 4383
1 475
0 
0 
0 
0 
0 
0 
0 
0 
0 
0 
0 
0 
0 
2 349 2414
1 3700
0 
0 
0 
0 
0 
0 
0 
0 
2 558 5031
0 
0 
0 
1 3371
0 
0 
0 
0 
1 1624
0 
0 
0 
0 
0 
0 
1 794
0 
1 5243
0 
0 
1 3023
0 
0 
0 
0 
0 
0 
0 
0 
0 
0 
0 
0 
0 
0 
0 
0 
1 1935
0 
0 
1 5042
1 5063
0 
0 
1 4315
0 
0 
1 312
0 
0 
0 
1 5108
0 
0 
0 
0 
0 
0 
0 
1 5015
0 
0 
0 
0 
0 
0 
0 
0 
0 
0 
0 
0 
1 3970
0 
0 
0 
0 
0 
4 592 3251 4420 4685
0 
0 
0 
0 
0 
0 
1 2609
0 
1 2480
0 
0 
1 1759
0 
0 
0 
0 
0 
0 
1 4456
0 
0 
2 847 3687
0 
1 5512
0 
1 1058
0 
0 
0 
1 4496
0 
0 
0 
0 
0 
2 987 3891
1 1499
1 4727
0 
0 
0 
0 
0 
1 3750
0 
1 3528
0 
0 
1 1358
0 
2 5004 5547
0 
0 
1 3152
1 1558
0 
0 
0 
0 
0 
0 
0 
0 
0 
0 
0 
0 
0 
0 
0 
0 
1 4736
0 
0 
1 4749
0 
2 4309 5391
0 
0 
0 
2 819 1456
0 
0 
0 
0 
0 
0 
0 
0 
0 
1 74
0 
1 4188
0 
0 
0 
0 
2 3632 4361
0 
0 
0 
0 
1 4946
0 
0 
0 
0 
0 
0 
0 
1 963
0 
1 2847
0 
0 
0 
0 
0 
0 
0 
0 
0 
0 
0 
0 
0 
0 
0 
0 
1 3109
0 
0 
0 
0 
0 
0 
0 
1 4882
0 
0 
0 
0 
0 
0 
0 
0 
0 
0 
0 
0 
0 
0 
0 
0 
0 
0 
0 
0 
0 
0 
1 2343
0 
0 
0 
0 
0 
0 
2 588 3237
3 2744 4603 4705
0 
0 
0 
0 
0 
0 
0 
0 
0 
0 
1 1719
1 1695
1 1732
0 
0 
0 
0 
1 3809
0 
0 
0 
0 
0 
0 
0 
4 305 1289 3810 5398
0 
0 
2 720 5504
0 
0 
2 3677 4557
0 
0 
1 3929
1 3911
0 
0 
0 
1 3150
0 
0 
0 
0 
0 
0 
1 702
0 
0 
0 
0 
0 
0 
1 2669
0 
0 
0 
0 
2 2922 3489
0 
1 2055
0 
0 
0 
0 
0 
0 
0 
0 
0 
1 5210
0 
0 
0 
0 
0 
1 5365
1 5051
0 
0 
1 778
0 
0 
0 
1 2768
0 
0 
0 
0 
0 
0 
0 
0 
0 
0 
1 773
1 23
0 
0 
1 3088
0 
0 
0 
0 
0 
0 
0 
0 
0 
0 
0 
0 
0 
2 3598 3780
0 
0 
0 
1 4054
0 
0 
0 
0 
0 
0 
0 
0 
0 
1 1066
1 3658
0 
0 
0 
0 
0 
0 
0 
0 
0 
0 
0 
0 
0 
1 4258
1 3958
0 
1 5376
1 5495
0 
2 3061 3694
1 2885
0 
0 
0 
0 
0 
0 
3 3491 5050 5205
1 5429
0 
0 
0 
0 
0 
0 
0 
0 
1 4088
0 
0 
0 
1 2738
0 
0 
0 
0 
0 
0 
0 
0 
0 
1 5154
0 
0 
1 3316
0 
1 4279
0 
4 1322 1367 3563 3816
0 
0 
0 
0 
0 
0 
0 
0 
0 
0 
0 
0 
0 
0 
0 
1 1492
0 
0 
1 1770
0 
0 
0 
0 
0 
0 
0 
1 2403
1 1524
0 
0 
0 
0 
0 
0 
4 1795 2446 4081 4663
0 
1 1651
0 
0 
0 
0 
1 540
0 
0 
1 447
0 
0 
0 
0 
0 
0 
0 
0 
0 
0 
0 
0 
0 
0 
1 2544
0 
0 
0 
0 
0 
0 
0 
2 3282 5226
0 
0 
0 
0 
0 
0 
0 
0 
1 3701
0 
0 
0 
0 
1 4128
0 
1 4621
0 
2 2511 4393
0 
0 
0 
0 
2 1220 5102
0 
0 
0 
0 
0 
0 
0 
0 
0 
0 
0 
0 
1 2429
0 
0 
1 1984
0 
0 
0 
0 
1 2769
1 737
1 691
0 
1 2554
0 
0 
1 3684
1 1716
1 2789
0 
0 
0 
0 
0 
0 
0 
0 
1 4355
0 
0 
0 
0 
1 3196
0 
0 
0 
0 
0 
0 
1 5408
0 
1 834
1 3153
0 
0 
0 
0 
1 356
1 4870
2 936 4328
1 2166
0 
0 
0 
0 
0 
0 
1 3022
0 
1 3548
0 
0 
1 3105
0 
0 
0 
0 
0 
0 
0 
0 
0 
1 336
0 
0 
0 
0 
1 1971
0 
0 
0 
0 
1 4072
0 
0 
1 281
0 
0 
0 
1 2795
0 
0 
2 1441 4498
0 
1 243
0 
0 
0 
0 
1 4923
0 
0 
0 
0 
0 
0 
2 2994 3936
0 
0 
0 
0 
0 
0 
1 401
2 2233 2441
0 
1 2310
1 3756
0 
0 
3 433 3985 5080
0 
0 
1 4944
0 
0 
1 891
1 2023
0 
0 
0 
1 3045
0 
0 
0 
0 
0 
0 
0 
0 
1 3441
0 
0 
0 
1 1717
0 
0 
0 
0 
0 
0 
1 2998
0 
2 837 4782
0 
0 
0 
0 
1 4673
0 
0 
0 
0 
0 
1 4131
0 
0 
0 
1 3435
0 
1 4592
0 
0 
1 5522
1 1285
0 
0 
0 
0 
0 
0 
0 
0 
1 1240
0 
0 
0 
0 
0 
0 
0 
2 3378 3589
0 
1 1595
1 4723
0 
0 
0 
0 
0 
2 2928 4595
0 
0 
0 
0 
0 
0 
0 
0 
0 
0 
0 
0 
0 
0 
0 
0 
0 
0 
0 
1 3945
0 
0 
0 
0 
0 
0 
1 4378
0 
0 
0 
0 
0 
0 
2 3946 5359
0 
0 
0 
0 
0 
0 
0 
0 
0 
1 2755
0 
0 
0 
0 
0 
0 
0 
0 
0 
0 
0 
0 
0 
0 
0 
0 
0 
0 
0 
0 
0 
0 
1 1436
1 1287
0 
0 
0 
0 
0 
0 
0 
0 
0 
1 4332
0 
0 
0 
0 
0 
0 
0 
0 
0 
0 
0 
0 
0 
0 
0 
1 555
0 
0 
0 
0 
0 
0 
1 888
0 
0 
0 
0 
0 
1 5288
0 
0 
0 
0 
1 4553
1 2590
1 4464
0 
0 
1 1528
0 
1 3039
1 3738
0 
0 
0 
0 
1 5452
1 4828
0 
0 
0 
0 
0 
0 
0 
1 1335
0 
0 
0 
1 4890
1 1876
0 
0 
2 222 1275
0 
0 
1 1447
0 
0 
1 4409
0 
0 
0 
1 178
0 
0 
1 5538
0 
0 
0 
0 
1 1439
0 
0 
0 
0 
0 
0 
0 
0 
0 
0 
0 
0 
0 
0 
0 
1 4162
0 
0 
0 
0 
0 
0 
0 
0 
0 
1 5542
0 
2 2714 3404
0 
0 
0 
0 
0 
0 
1 4528
2 2067 3671
0 
1 2308
0 
0 
0 
1 2022
0 
1 4189
1 5008
0 
0 
0 
0 
1 1838
0 
0 
0 
0 
0 
0 
0 
2 626 1394
0 
0 
0 
0 
0 
0 
0 
0 
1 560
0 
0 
0 
0 
0 
0 
0 
0 
0 
0 
0 
0 
0 
0 
0 
1 5232
0 
1 1108
0 
1 2346
0 
0 
0 
0 
1 75
1 840
0 
0 
0 
1 1592
1 4658
0 
0 
2 2483 4919
0 
1 204
0 
0 
0 
0 
0 
0 
0 
0 
0 
0 
1 3385
0 
0 
1 5341
1 26
0 
0 
0 
1 5160
1 4758
0 
0 
0 
0 
0 
2 663 1684
0 
0 
1 3620
0 
0 
3 314 327 3896
0 
0 
0 
1 3705
1 1701
0 
1 2893
0 
0 
0 
1 4187
0 
0 
0 
0 
0 
0 
0 
0 
0 
0 
0 
1 5417
0 
0 
0 
1 910
0 
0 
0 
0 
0 
0 
0 
0 
0 
1 5272
0 
0 
0 
0 
0 
0 
0 
0 
0 
0 
1 2133
0 
0 
0 
0 
0 
0 
0 
0 
1 3189
0 
0 
0 
0 
0 
0 
0 
1 3304
0 
0 
0 
0 
1 3777
0 
0 
1 745
0 
1 2053
1 5139
0 
0 
0 
0 
1 4485
0 
0 
1 3178
0 
0 
0 
0 
0 
0 
0 
0 
0 
0 
0 
0 
0 
0 
0 
0 
0 
2 4122 5227
0 
0 
0 
1 5090
0 
0 
0 
0 
0 
0 
0 
0 
0 
0 
0 
0 
0 
0 
0 
0 
0 
0 
0 
0 
0 
1 521
0 
0 
0 
0 
0 
0 
1 4835
1 3879
0 
0 
0 
0 
0 
0 
0 
0 
0 
0 
1 5202
1 1643
1 561
0 
0 
0 
0 
1 4759
1 4095
1 4266
0 
0 
0 
0 
0 
0 
1 4753
0 
0 
0 
0 
0 
0 
1 55
0 
1 3253
0 
0 
0 
0 
0 
0 
0 
0 
0 
0 
0 
0 
0 
2 3133 3783
0 
0 
0 
0 
0 
0 
0 
0 
1 4627
0 
0 
0 
1 1379
0 
2 1631 2257
1 5528
0 
0 
0 
0 
0 
0 
0 
0 
0 
0 
5 265 625 2026 2956 5145
0 
1 4080
1 3112
1 3866
0 
1 3007
0 
0 
0 
0 
0 
0 
1 4966
0 
0 
0 
0 
0 
0 
0 
0 
1 967
0 
0 
0 
0 
0 
0 
0 
0 
1 992
0 
0 
0 
0 
1 4341
0 
0 
1 2304
0 
1 2868
1 1247
0 
0 
0 
0 
0 
0 
0 
0 
0 
0 
0 
0 
1 2874
0 
0 
1 398
0 
1 4033
0 
1 1299
0 
0 
1 3297
0 
0 
1 1777
0 
0 
1 4943
0 
0 
0 
0 
0 
0 
0 
1 3249
0 
1 4143
0 
0 
0 
0 
0 
0 
0 
0 
0 
0 
0 
0 
0 
0 
0 
3 692 1096 5284
1 2759
0 
0 
0 
1 2815
0 
1 3832
0 
0 
0 
0 
1 3792
0 
0 
0 
0 
0 
0 
1 4754
0 
0 
0 
1 4401
1 4127
0 
0 
0 
0 
1 245
0 
1 5239
0 
0 
0 
1 638
0 
0 
1 572
0 
0 
1 5204
0 
0 
0 
0 
1 991
0 
0 
0 
0 
0 
0 
0 
0 
1 932
0 
0 
0 
0 
0 
0 
0 
0 
0 
0 
2 2263 3709
0 
0 
0 
1 4164
1 1469
1 4334
0 
1 2502
1 3523
0 
0 
0 
0 
1 4109
1 84
0 
0 
1 1692
0 
0 
0 
0 
0 
0 
0 
1 914
0 
0 
0 
0 
1 3320
0 
1 984
1 1861
0 
0 
0 
0 
0 
1 359
1 2980
0 
0 
0 
0 
0 
0 
0 
0 
0 
0 
1 2313
0 
0 
0 
0 
0 
0 
0 
0 
1 38
0 
2 1885 5100
0 
1 2788
0 
0 
0 
0 
0 
0 
0 
0 
0 
0 
0 
0 
0 
0 
0 
0 
0 
1 4801
0 
0 
0 
0 
0 
0 
0 
0 
0 
0 
0 
0 
0 
0 
0 
0 
0 
0 
0 
1 3690
0 
0 
0 
0 
1 143
1 2126
0 
0 
0 
0 
0 
0 
0 
0 
0 
0 
0 
1 1858
1 1084
0 
0 
0 
0 
0 
1 4775
0 
0 
0 
1 802
0 
0 
1 46
0 
0 
0 
0 
0 
1 3755
0 
0 
0 
1 709
1 3158
0 
0 
0 
0 
0 
1 2385
1 3079
0 
0 
1 3807
0 
0 
0 
0 
0 
1 2047
1 1675
0 
0 
0 
0 
0 
1 1702
0 
1 4863
1 4814
0 
0 
0 
0 
0 
0 
0 
0 
0 
0 
0 
1 2387
0 
1 2316
1 1967
0 
0 
0 
0 
1 2636
0 
0 
1 3292
0 
2 9 5149
1 473
0 
0 
0 
0 
1 3012
1 2977
0 
0 
0 
0 
1 3838
0 
0 
1 285
0 
1 2383
0 
0 
0 
0 
1 1361
0 
0 
0 
1 2706
0 
3 2921 3057 4342
1 19
0 
0 
0 
0 
1 2288
0 
0 
0 
0 
0 
0 
0 
0 
0 
1 2187
0 
0 
1 2914
0 
0 
0 
0 
0 
0 
0 
0 
0 
0 
0 
0 
2 1352 5353
0 
0 
1 1278
0 
0 
1 4646
0 
0 
0 
0 
0 
0 
0 
0 
0 
1 848
0 
1 65
0 
0 
1 3003
0 
1 3160
0 
0 
0 
1 480
0 
0 
0 
0 
0 
0 
0 
0 
0 
1 1735
1 2360
0 
1 3317
0 
0 
0 
0 
0 
0 
0 
2 3596 4508
1 4129
0 
0 
0 
0 
1 724
1 3419
0 
0 
0 
0 
0 
0 
0 
0 
0 
0 
0 
0 
0 
1 5057
0 
1 785
0 
1 2254
0 
0 
0 
0 
1 481
0 
1 3900
0 
0 
0 
0 
0 
1 4133
1 2910
1 4974
0 
0 
1 5084
0 
0 
0 
0 
0 
0 
0 
0 
0 
0 
0 
0 
0 
0 
1 946
0 
0 
0 
1 3136
0 
0 
0 
0 
0 
1 1855
0 
0 
0 
0 
0 
0 
2 1366 3904
0 
1 2367
2 2454 5310
0 
0 
0 
0 
0 
0 
1 1963
0 
1 2296
0 
0 
0 
0 
0 
0 
0 
1 3534
0 
1 806
0 
0 
0 
0 
0 
1 3754
0 
0 
0 
1 5254
0 
1 1017
1 3893
0 
0 
2 3230 4742
0 
0 
0 
0 
0 
0 
0 
0 
0 
0 
0 
0 
1 2214
0 
1 3261
1 3829
3 1257 2551 3995
1 1601
2 1025 5496
0 
1 3006
0 
1 3510
0 
0 
2 707 2025
1 2345
1 3584
1 4582
0 
0 
1 3868
0 
1 1100
0 
0 
0 
2 1676 4690
0 
1 2821
0 
0 
1 302
1 4111
0 
0 
1 1574
0 
1 1551
2 470 1632
2 2285 3928
1 3665
0 
2 862 2057
0 
0 
0 
0 
2 2849 3464
0 
0 
0 
0 
0 
0 
1 4961
2 771 3358
3 1203 1464 2144
0 
0 
0 
1 1991
0 
3 2188 2709 3365
0 
1 4651
0 
1 4248
2 2324 3461
1 2092
0 
1 4318
1 4589
0 
2 4384 5118
1 342
1 2842
0 
0 
0 
2 4227 5087
0 
0 
0 
1 1956
1 4064
0 
0 
0 
1 1037
0 
2 1739 1907
0 
1 525
0 
0 
0 
0 
1 535
1 1733
0 
1 3874
2 1313 4571
0 
0 
1 784
2 1107 1658
2 1476 3388
0 
0 
0 
1 2742
2 2630 4274
1 4697
0 
1 2175
1 488
1 1547
0 
0 
1 654
1 78
0 
5 200 1213 1402 4106 4255
2 1821 3680
0 
1 4169
0 
0 
0 
0 
0 
0 
3 576 2443 5025
1 4822
0 
0 
1 1117
0 
1 4509
2 712 1124
1 2802
2 2283 2681
1 4344
0 
0 
0 
1 5443
0 
0 
0 
0 
0 
1 5336
0 
0 
0 
0 
2 2218 3108
1 2352
0 
0 
0 
0 
1 775
0 
0 
1 129
0 
0 
0 
0 
1 379
0 
1 4708
0 
0 
0 
0 
0 
0 
0 
0 
1 3037
0 
0 
0 
1 5197
0 
0 
0 
1 858
0 
0 
0 
1 2180
0 
0 
1 1543
0 
0 
0 
0 
1 1901
1 3583
0 
0 
1 5485
1 5187
0 
0 
1 2576
0 
1 3271
1 3056
2 1050 4204
1 2393
0 
0 
0 
0 
0 
0 
0 
0 
0 
1 62
0 
0 
1 4507
0 
0 
0 
0 
1 2279
0 
3 2009 2034 4594
0 
0 
0 
0 
0 
1 277
0 
1 1079
0 
0 
0 
0 
0 
0 
0 
0 
0 
0 
0 
0 
0 
0 
1 859
1 1334
0 
0 
1 3670
2 2484 4207
1 2181
0 
0 
0 
2 2270 5407
0 
0 
0 
1 472
0 
0 
0 
0 
1 2557
0 
0 
1 1774
0 
1 2243
0 
2 1022 1649
0 
0 
0 
0 
0 
0 
2 2487 4124
0 
1 1762
1 1003
0 
0 
0 
1 1570
0 
0 
1 2229
0 
1 3726
0 
1 2954
0 
0 
0 
0 
1 2688
0 
0 
0 
0 
1 4001
0 
0 
1 2415
0 
0 
0 
0 
0 
1 268
0 
0 
0 
0 
1 4825
1 292
1 3787
0 
0 
0 
0 
0 
0 
0 
0 
1 4044
0 
0 
0 
1 3474
1 1321
0 
1 977
1 598
0 
0 
0 
0 
0 
2 879 2252
0 
0 
0 
0 
0 
0 
1 2621
1 1368
1 4156
0 
0 
0 
0 
0 
1 304
1 5010
0 
0 
0 
2 3311 4092
0 
0 
0 
0 
0 
0 
0 
0 
0 
0 
0 
0 
2 3080 4618
0 
0 
1 3912
0 
0 
0 
0 
0 
0 
1 1891
0 
0 
0 
1 836
0 
0 
0 
0 
0 
0 
0 
0 
1 3203
0 
0 
0 
0 
0 
1 1413
0 
0 
0 
0 
1 4148
0 
0 
0 
0 
0 
0 
0 
0 
0 
0 
0 
1 453
0 
0 
0 
0 
0 
0 
0 
0 
1 2269
0 
1 1484
0 
0 
1 606
0 
0 
1 1760
1 4519
0 
0 
0 
1 2723
0 
0 
0 
0 
1 1804
1 5248
0 
0 
0 
0 
0 
1 3051
2 677 2156
0 
0 
0 
1 3278
0 
0 
0 
1 919
0 
0 
0 
0 
0 
0 
0 
0 
0 
0 
0 
0 
0 
0 
0 
0 
0 
0 
0 
0 
0 
0 
2 2031 3161
0 
0 
0 
0 
0 
0 
0 
0 
0 
0 
0 
0 
0 
1 1347
0 
0 
1 1294
1 3329
1 2528
0 
0 
0 
0 
0 
0 
0 
0 
1 3089
2 1546 3290
1 2671
0 
0 
0 
1 3635
0 
0 
0 
0 
0 
0 
0 
1 4820
1 3482
0 
1 772
1 2753
0 
0 
0 
0 
0 
0 
1 1349
0 
0 
0 
0 
0 
0 
0 
1 651
0 
1 2673
0 
0 
0 
0 
0 
0 
0 
0 
0 
0 
2 650 1741
0 
0 
0 
0 
1 279
0 
0 
0 
0 
0 
0 
0 
0 
1 876
1 627
0 
0 
0 
0 
0 
0 
2 450 3570
0 
0 
0 
1 4286
0 
0 
0 
0 
0 
1 57
0 
2 1689 2863
0 
0 
0 
0 
0 
2 1687 2312
0 
0 
0 
0 
0 
1 1867
0 
0 
1 1054
0 
0 
2 1670 2969
0 
0 
1 1965
0 
0 
0 
1 2604
0 
0 
0 
0 
1 5339
0 
0 
0 
1 1618
0 
0 
0 
0 
0 
0 
0 
0 
0 
0 
0 
1 4521
0 
0 
0 
0 
0 
0 
0 
0 
0 
0 
1 4144
0 
0 
0 
0 
1 5212
0 
0 
0 
0 
0 
0 
0 
1 1279
0 
0 
1 2574
0 
0 
0 
1 1508
1 2396
1 1004
0 
0 
0 
0 
0 
0 
0 
0 
1 2203
1 2266
0 
1 1591
0 
0 
0 
0 
0 
0 
1 3322
0 
0 
1 1859
0 
0 
0 
0 
0 
0 
0 
0 
0 
2 60 685
0 
1 253
0 
0 
0 
0 
0 
0 
0 
0 
0 
1 1144
0 
1 3425
0 
0 
0 
0 
0 
0 
0 
0 
0 
0 
1 5172
0 
0 
0 
0 
0 
0 
0 
0 
0 
0 
0 
0 
0 
0 
0 
0 
0 
0 
0 
0 
0 
0 
3 1680 2147 4475
0 
0 
0 
0 
0 
0 
0 
0 
1 2093
1 1491
0 
0 
0 
0 
0 
0 
0 
2 3526 5530
1 2965
0 
0 
0 
1 4525
1 4051
0 
1 3348
0 
1 2746
0 
0 
1 4062
0 
0 
0 
0 
0 
0 
1 2895
0 
0 
0 
0 
0 
2 1345 2327
1 2111
1 4150
0 
0 
0 
0 
0 
0 
0 
0 
0 
2 1444 1495
0 
0 
1 1962
0 
0 
0 
0 
0 
0 
0 
0 
0 
0 
1 3144
0 
0 
0 
0 
0 
0 
0 
0 
0 
0 
0 
1 2967
0 
1 467
0 
1 2598
0 
1 3035
0 
1 4925
0 
0 
0 
0 
0 
0 
0 
0 
0 
1 3159
0 
0 
0 
1 2984
0 
0 
0 
0 
1 969
0 
0 
0 
0 
0 
0 
0 
0 
0 
0 
0 
0 
0 
0 
0 
0 
0 
0 
1 4902
1 2286
0 
1 1920
1 2142
0 
0 
0 
0 
0 
0 
0 
0 
0 
0 
0 
0 
1 1614
0 
0 
1 2503
0 
0 
0 
1 4750
0 
0 
2 3727 4191
1 4593
1 5083
0 
0 
0 
0 
0 
0 
0 
0 
1 2983
0 
0 
0 
0 
0 
0 
1 1088
2 1396 4020
0 
0 
0 
0 
0 
0 
0 
1 1895
0 
0 
0 
0 
0 
1 1030
0 
0 
0 
0 
9 266 2730 2843 3434 4173 4265 5228 5283 5335
1 2350
0 
0 
1 502
0 
1 5122
0 
0 
0 
0 
0 
1 1897
0 
0 
0 
1 2489
4 2519 2538 4201 5120
1 4125
0 
0 
1 2440
0 
0 
0 
0 
0 
0 
1 4462
0 
1 2535
0 
0 
0 
0 
0 
0 
0 
0 
0 
0 
0 
0 
0 
1 5024
0 
0 
0 
0 
0 
0 
0 
0 
0 
0 
0 
0 
0 
0 
1 4715
0 
0 
1 4874
0 
0 
2 698 1955
1 2569
0 
1 4955
0 
1 4628
0 
0 
0 
0 
0 
0 
0 
0 
0 
0 
0 
0 
0 
0 
0 
0 
0 
0 
0 
0 
0 
1 2046
0 
0 
0 
1 3038
0 
0 
1 1659
0 
0 
2 4448 4721
0 
0 
1 2549
0 
0 
0 
0 
0 
0 
1 761
2 968 1919
1 3961
0 
0 
0 
0 
0 
0 
0 
0 
0 
0 
0 
1 3470
0 
0 
0 
2 2520 4087
0 
1 1589
1 4672
0 
0 
0 
0 
0 
0 
0 
1 3280
0 
0 
0 
0 
0 
0 
0 
0 
0 
1 4449
0 
0 
0 
0 
0 
0 
0 
0 
0 
0 
1 586
0 
0 
0 
0 
0 
1 1936
1 2662
0 
0 
0 
0 
0 
0 
0 
0 
0 
0 
0 
0 
0 
0 
0 
1 4294
0 
0 
0 
0 
0 
0 
0 
0 
0 
1 2020
0 
0 
1 1147
0 
0 
0 
1 600
0 
0 
1 4441
1 273
0 
0 
0 
0 
0 
0 
0 
0 
1 1432
0 
0 
1 2245
1 3908
0 
0 
0 
0 
0 
0 
0 
0 
3 721 1930 5256
0 
1 1636
0 
0 
0 
0 
1 2623
0 
0 
0 
0 
0 
0 
2 2920 5477
1 1568
0 
0 
0 
0 
0 
0 
0 
1 2149
1 3693
0 
0 
0 
0 
0 
0 
0 
0 
0 
0 
0 
0 
0 
0 
0 
0 
1 3606
0 
0 
0 
0 
1 2163
1 639
0 
0 
0 
0 
0 
1 2882
0 
0 
0 
0 
0 
0 
1 206
0 
0 
0 
0 
1 380
0 
1 880
0 
0 
0 
0 
0 
0 
0 
0 
0 
0 
0 
0 
0 
0 
0 
1 462
1 3681
0 
0 
1 2208
2 4327 5327
0 
0 
0 
0 
0 
0 
0 
1 3846
0 
0 
0 
0 
0 
0 
0 
0 
1 5250
1 1061
0 
1 955
0 
0 
0 
0 
1 3248
0 
0 
0 
0 
0 
0 
1 2444
0 
0 
0 
0 
0 
0 
0 
0 
0 
0 
0 
0 
1 298
0 
0 
0 
0 
0 
0 
0 
0 
0 
0 
0 
0 
0 
0 
0 
0 
0 
2 341 748
0 
2 140 334
0 
0 
0 
0 
0 
0 
0 
1 2715
1 5401
0 
1 3757
0 
0 
0 
0 
0 
0 
0 
2 996 1951
0 
0 
1 4236
0 
2 416 3529
0 
0 
0 
0 
1 4888
1 3106
1 3031
0 
0 
0 
0 
1 2860
1 5048
0 
0 
0 
0 
1 5499
0 
0 
0 
0 
0 
0 
0 
0 
0 
0 
1 3495
0 
0 
1 2974
0 
0 
0 
0 
1 4518
0 
0 
0 
1 740
0 
0 
0 
0 
0 
0 
0 
0 
0 
0 
1 3213
0 
0 
1 2091
1 1329
0 
1 3765
1 4606
0 
0 
0 
0 
0 
1 2904
1 2390
0 
1 753
0 
0 
0 
0 
3 1820 4523 4660
0 
0 
0 
1 5043
0 
0 
1 1451
0 
0 
0 
0 
1 1343
2 5222 5330
0 
0 
0 
1 1728
0 
0 
0 
0 
0 
0 
0 
0 
1 203
1 5214
3 1319 1703 3422
2 3034 3195
0 
1 4149
0 
1 2582
0 
0 
0 
0 
0 
0 
0 
0 
0 
0 
2 1161 5147
0 
0 
0 
0 
1 3357
0 
0 
0 
0 
1 4780
0 
0 
0 
0 
0 
0 
0 
0 
0 
0 
0 
1 3223
0 
0 
0 
0 
0 
0 
0 
1 3590
0 
0 
0 
0 
0 
1 4432
0 
0 
0 
0 
0 
0 
0 
0 
0 
0 
0 
0 
0 
1 4417
0 
0 
0 
0 
0 
0 
0 
0 
0 
0 
0 
0 
0 
1 3128
0 
0 
0 
0 
0 
0 
0 
1 4897
0 
0 
0 
0 
0 
0 
0 
0 
0 
0 
1 4857
0 
0 
0 
0 
0 
0 
0 
0 
0 
0 
0 
0 
0 
0 
0 
0 
0 
1 3714
0 
0 
0 
1 1922
0 
0 
0 
0 
0 
0 
1 2173
0 
1 2268
0 
0 
1 4522
1 1070
0 
0 
0 
1 4654
0 
0 
0 
0 
2 1666 2532
0 
0 
1 3262
0 
0 
0 
1 4737
0 
0 
1 51
2 1620 2704
0 
0 
0 
0 
0 
0 
0 
0 
0 
2 4495 5490
0 
0 
2 131 3744
0 
0 
1 1312
1 2720
0 
3 493 3798 4503
0 
1 1169
0 
0 
0 
0 
0 
0 
0 
0 
1 4023
0 
0 
1 1376
0 
1 3401
0 
0 
0 
0 
0 
0 
1 1996
0 
1 4308
0 
0 
0 
1 2235
0 
1 676
0 
1 2751
0 
1 1980
0 
0 
1 237
0 
0 
0 
0 
0 
0 
0 
0 
0 
1 3652
0 
1 2374
0 
0 
0 
0 
0 
0 
0 
0 
0 
0 
0 
0 
1 5487
0 
0 
1 3557
0 
0 
1 671
0 
1 4225
1 3219
1 1522
0 
0 
0 
0 
0 
0 
0 
0 
0 
0 
1 2456
0 
0 
0 
0 
0 
1 3075
0 
0 
0 
0 
0 
0 
0 
0 
0 
0 
2 3383 4655
0 
0 
2 3020 3649
0 
0 
0 
0 
0 
0 
0 
0 
0 
0 
0 
0 
0 
0 
0 
0 
1 583
0 
0 
0 
0 
0 
0 
0 
0 
1 500
0 
1 2430
0 
0 
1 1141
1 3847
0 
0 
0 
0 
0 
0 
0 
0 
2 3143 4376
0 
0 
0 
0 
0 
0 
0 
0 
1 2930
0 
1 2639
0 
0 
0 
0 
0 
0 
0 
0 
0 
0 
0 
0 
0 
0 
0 
0 
1 4047
0 
0 
0 
1 4726
1 4769
0 
0 
0 
0 
0 
1 522
0 
0 
0 
0 
0 
0 
0 
0 
0 
0 
0 
0 
0 
0 
0 
0 
1 731
0 
0 
0 
0 
0 
0 
0 
1 1808
0 
0 
0 
0 
0 
1 5262
0 
0 
0 
0 
0 
0 
1 5447
0 
0 
0 
0 
0 
0 
0 
1 4764
1 5183
0 
0 
1 2394
0 
0 
0 
0 
0 
2 3067 3420
1 1069
0 
0 
0 
2 552 4408
0 
0 
0 
0 
0 
0 
0 
0 
0 
0 
0 
0 
0 
0 
0 
0 
0 
0 
0 
0 
0 
0 
0 
0 
0 
0 
0 
0 
0 
0 
1 2151
0 
0 
0 
0 
0 
0 
1 5237
0 
0 
1 3679
0 
0 
0 
0 
1 2486
1 412
0 
0 
1 2727
0 
0 
0 
0 
1 132
1 2274
0 
0 
0 
0 
0 
0 
0 
0 
0 
0 
0 
0 
0 
0 
2 1693 3858
0 
1 1585
0 
0 
0 
0 
0 
0 
0 
0 
0 
1 252
0 
0 
0 
0 
0 
0 
1 4007
0 
0 
1 3559
0 
0 
1 3880
1 4211
0 
0 
0 
0 
0 
1 2531
1 2474
0 
0 
1 750
0 
0 
0 
0 
0 
0 
1 392
1 3140
0 
0 
1 5136
0 
1 954
0 
0 
0 
1 4484
0 
0 
0 
1 2947
0 
0 
1 3126
0 
1 5308
0 
0 
0 
0 
1 2906
1 1953
1 2176
0 
0 
1 5078
0 
0 
1 4982
0 
0 
1 1171
0 
0 
1 5037
1 3445
0 
1 5138
0 
0 
1 4075
0 
0 
0 
1 2317
0 
1 2732
0 
0 
1 2925
1 4229
0 
0 
1 5334
0 
0 
0 
0 
0 
0 
0 
0 
0 
0 
0 
0 
0 
2 1813 2237
1 1212
0 
0 
1 4887
0 
1 3338
0 
0 
0 
0 
0 
0 
0 
0 
0 
0 
0 
0 
0 
0 
1 1691
0 
0 
0 
0 
0 
0 
0 
0 
0 
0 
0 
0 
0 
0 
0 
0 
0 
0 
0 
1 1683
0 
0 
0 
0 
0 
1 2037
0 
0 
1 1233
0 
0 
0 
0 
0 
1 145
0 
1 704
0 
0 
0 
1 4396
0 
0 
1 201
0 
1 3747
0 
0 
0 
1 1509
0 
0 
1 1786
0 
0 
0 
0 
0 
0 
0 
0 
0 
0 
0 
1 148
0 
0 
0 
0 
0 
0 
0 
1 2597
0 
0 
0 
0 
2 361 5093
0 
0 
0 
0 
0 
1 128
0 
0 
0 
0 
0 
0 
0 
0 
0 
0 
0 
1 1269
1 5300
1 2271
0 
0 
1 3950
1 4101
0 
2 553 4362
0 
0 
0 
0 
1 4163
0 
0 
3 1511 4395 4540
0 
0 
0 
0 
0 
0 
0 
0 
0 
0 
0 
0 
0 
0 
0 
0 
0 
1 4716
2 5134 5344
0 
1 4903
0 
0 
0 
0 
0 
0 
1 1344
0 
0 
0 
0 
0 
0 
0 
0 
0 
0 
0 
0 
1 3168
1 4493
0 
0 
0 
1 117
0 
0 
0 
0 
0 
0 
0 
0 
0 
0 
0 
0 
0 
0 
0 
0 
0 
0 
0 
0 
0 
0 
0 
0 
0 
2 2505 4097
0 
0 
0 
1 2077
0 
0 
0 
0 
2 2838 4586
0 
0 
1 618
1 907
0 
1 5246
0 
0 
0 
0 
0 
0 
0 
1 4346
0 
0 
1 3881
0 
0 
0 
0 
0 
0 
0 
0 
0 
0 
0 
1 2013
1 3384
1 5173
0 
0 
1 952
1 2540
0 
0 
0 
0 
0 
0 
0 
0 
0 
0 
1 5263
0 
0 
0 
0 
1 981
0 
1 3299
0 
0 
0 
0 
0 
0 
0 
0 
0 
0 
0 
0 
1 1982
0 
0 
0 
0 
0 
1 1434
0 
0 
0 
0 
1 4731
0 
0 
0 
0 
2 2090 2361
0 
1 4198
0 
0 
1 4545
1 1921
0 
0 
1 4333
0 
0 
0 
2 652 2559
0 
0 
0 
0 
0 
0 
0 
1 2848
0 
1 3698
0 
0 
1 4583
1 1216
0 
0 
0 
0 
0 
3 1336 2131 5075
0 
1 2651
0 
0 
0 
0 
0 
0 
0 
0 
0 
0 
1 4830
0 
0 
0 
0 
0 
0 
0 
0 
0 
0 
0 
0 
0 
1 822
0 
0 
0 
2 927 1139
0 
0 
0 
0 
0 
0 
0 
0 
0 
0 
1 1688
0 
0 
0 
0 
0 
0 
0 
0 
0 
1 5479
0 
0 
0 
0 
0 
0 
0 
0 
0 
0 
0 
0 
1 1092
1 5371
0 
1 3300
0 
1 2206
0 
2 3799 4638
0 
0 
0 
0 
0 
1 2648
1 2721
0 
0 
0 
0 
1 2525
0 
1 3446
0 
0 
1 877
0 
0 
0 
0 
0 
0 
1 5484
0 
0 
1 5023
0 
0 
0 
0 
0 
0 
0 
0 
0 
1 2481
0 
1 4364
0 
2 3621 3867
0 
0 
0 
1 165
0 
1 1001
0 
0 
0 
0 
0 
0 
0 
0 
0 
0 
0 
0 
0 
0 
0 
0 
0 
0 
1 3416
0 
0 
0 
0 
1 3582
0 
0 
0 
0 
1 49
1 4659
0 
0 
0 
2 350 3618
0 
0 
0 
1 2082
0 
0 
0 
0 
0 
0 
0 
0 
0 
0 
0 
0 
0 
0 
0 
1 4416
1 4175
0 
0 
0 
0 
0 
0 
0 
0 
0 
0 
0 
1 126
0 
0 
0 
0 
0 
0 
0 
0 
0 
0 
0 
1 1467
0 
0 
1 726
0 
0 
1 215
0 
0 
0 
0 
1 5356
0 
0 
0 
0 
0 
0 
1 4917
0 
0 
1 3068
0 
0 
0 
0 
1 311
0 
0 
0 
0 
0 
0 
0 
0 
1 642
0 
0 
0 
0 
0 
0 
0 
0 
0 
0 
0 
1 831
0 
0 
0 
0 
0 
0 
0 
0 
0 
0 
1 4915
0 
0 
1 4853
0 
0 
1 5113
0 
0 
0 
0 
0 
0 
0 
0 
0 
0 
1 4263
0 
0 
2 2711 2881
0 
0 
0 
1 2019
0 
1 4791
0 
0 
0 
0 
0 
0 
0 
1 610
0 
0 
0 
0 
0 
1 1292
1 1617
0 
0 
0 
0 
0 
0 
0 
0 
0 
0 
1 3084
0 
0 
0 
0 
1 766
0 
0 
0 
0 
0 
0 
0 
0 
0 
0 
0 
0 
0 
0 
0 
0 
0 
0 
0 
0 
0 
0 
0 
0 
0 
0 
0 
0 
0 
1 4910
0 
0 
0 
0 
0 
0 
1 4932
0 
0 
0 
0 
1 3266
0 
2 295 5473
0 
0 
0 
0 
0 
1 3886
0 
0 
0 
0 
0 
0 
0 
1 1635
0 
0 
0 
0 
3 2859 3138 5119
0 
1 4579
0 
0 
1 1640
0 
0 
0 
0 
0 
0 
0 
0 
0 
0 
0 
0 
1 1112
0 
3 543 3379 3524
1 498
0 
0 
0 
0 
0 
0 
1 3063
0 
0 
0 
0 
0 
0 
0 
0 
1 4285
1 2123
0 
0 
0 
0 
0 
1 1790
0 
0 
0 
0 
0 
0 
0 
0 
0 
1 4988
0 
0 
0 
1 4455
1 5220
0 
0 
0 
0 
0 
0 
1 5297
0 
0 
0 
0 
1 3025
1 593
0 
1 195
0 
0 
0 
0 
0 
1 2945
0 
0 
0 
0 
0 
0 
0 
0 
0 
0 
1 487
0 
0 
0 
0 
1 3721
0 
0 
1 911
0 
0 
1 315
1 3741
0 
0 
0 
1 5249
0 
0 
0 
0 
0 
0 
0 
0 
1 3761
0 
0 
0 
0 
0 
1 1844
0 
0 
1 1749
0 
0 
0 
1 3862
0 
1 1806
0 
0 
1 5377
0 
0 
0 
0 
0 
1 3457
0 
0 
0 
0 
0 
0 
0 
1 5060
0 
0 
1 2836
0 
0 
0 
0 
0 
0 
0 
0 
0 
0 
0 
0 
0 
0 
0 
1 3577
1 3806
0 
0 
0 
0 
0 
1 1338
1 5166
0 
0 
0 
0 
0 
0 
0 
0 
0 
0 
2 1071 5158
1 2656
2 33 2992
0 
0 
0 
0 
1 3336
0 
0 
0 
0 
0 
0 
0 
2 479 4687
0 
0 
0 
0 
0 
0 
0 
1 3786
1 1598
0 
0 
0 
0 
0 
0 
1 4453
0 
0 
0 
0 
1 2094
0 
0 
0 
0 
0 
0 
0 
0 
0 
0 
0 
0 
0 
1 3760
0 
0 
0 
0 
0 
0 
1 5188
0 
3 2491 2741 3623
0 
0 
0 
0 
0 
1 3651
0 
0 
0 
0 
1 3070
0 
1 3275
0 
1 1239
1 1452
0 
0 
0 
0 
0 
0 
0 
0 
0 
0 
1 5036
0 
1 2580
0 
0 
0 
0 
1 2095
0 
0 
1 3571
0 
0 
0 
0 
0 
0 
0 
0 
0 
0 
1 4203
1 2613
0 
0 
0 
0 
0 
0 
0 
0 
0 
0 
0 
0 
0 
0 
0 
0 
1 1033
0 
0 
1 816
0 
1 4537
0 
1 5343
0 
0 
0 
0 
0 
0 
0 
0 
0 
0 
0 
0 
1 399
0 
0 
0 
0 
0 
0 
0 
0 
1 161
0 
1 4844
0 
0 
0 
0 
1 460
0 
0 
0 
0 
0 
0 
0 
0 
1 106
0 
0 
0 
0 
0 
0 
0 
0 
0 
0 
0 
0 
0 
0 
0 
0 
0 
0 
0 
0 
0 
0 
0 
0 
0 
0 
2 571 5549
0 
0 
0 
0 
0 
1 1493
1 5266
0 
0 
0 
0 
0 
0 
0 
0 
0 
1 3515
0 
0 
0 
0 
1 1360
0 
0 
1 272
0 
1 3132
0 
0 
1 1403
0 
0 
0 
2 403 1419
0 
0 
0 
0 
0 
0 
0 
0 
0 
0 
0 
0 
0 
0 
0 
1 3363
1 192
0 
0 
0 
0 
0 
0 
0 
0 
0 
0 
0 
1 278
0 
1 4215
0 
0 
0 
0 
0 
0 
0 
1 1494
0 
0 
0 
0 
2 988 2035
1 2196
0 
0 
0 
0 
0 
0 
0 
0 
1 3427
0 
0 
0 
0 
0 
0 
0 
0 
0 
0 
0 
1 4649
0 
0 
2 1391 3477
0 
0 
0 
0 
0 
0 
0 
0 
0 
0 
1 4701
0 
0 
1 4121
0 
0 
0 
0 
0 
0 
0 
0 
0 
0 
0 
0 
0 
0 
0 
0 
0 
0 
0 
0 
0 
0 
0 
0 
0 
0 
0 
0 
1 1027
0 
0 
0 
0 
0 
0 
0 
1 3386
1 4803
0 
0 
1 2891
0 
0 
1 3187
0 
0 
0 
0 
0 
0 
0 
0 
0 
1 2700
0 
0 
0 
0 
